0.001 0
0.002 2.98929e-08
0.003 6.74004e-07
0.004 3.60974e-06
0.005 1.06248e-05
0.006 2.26871e-05
0.007 4.01364e-05
0.008 6.26244e-05
0.009 8.92218e-05
0.01 0.000118499
0.011 0.000148571
0.012 0.000177202
0.013 0.000201828
0.014 0.00021965
0.015 0.000227658
0.016 0.000222703
0.017 0.000201513
0.018 0.000160755
0.019 9.70502e-05
0.02 7.01259e-06
0.021 -0.000112733
0.022 -0.000265525
0.023 -0.000454654
0.024 -0.000683343
0.025 -0.000954738
0.026 -0.0012719
0.027 -0.00163781
0.028 -0.00205534
0.029 -0.00252727
0.03 -0.00305628
0.031 -0.00364495
0.032 -0.00429578
0.033 -0.00501115
0.034 -0.00579338
0.035 -0.00664466
0.036 -0.00756716
0.037 -0.0085629
0.038 -0.00963388
0.039 -0.010782
0.04 -0.0120091
0.041 -0.013317
0.042 -0.0147074
0.043 -0.016182
0.044 -0.0177424
0.045 -0.0193903
0.046 -0.021127
0.047 -0.0229542
0.048 -0.0248734
0.049 -0.0268859
0.05 -0.0289932
0.051 -0.0311967
0.052 -0.0334964
0.053 -0.0358931
0.054 -0.0383953
0.055 -0.0410078
0.056 -0.0437279
0.057 -0.046558
0.058 -0.0494975
0.059 -0.0525469
0.06 -0.0557069
0.061 -0.0589774
0.062 -0.0623596
0.063 -0.0658532
0.064 -0.0694597
0.065 -0.0731791
0.066 -0.0770125
0.067 -0.0809602
0.068 -0.0850234
0.069 -0.0892026
0.07 -0.0934986
0.071 -0.0979124
0.072 -0.102445
0.073 -0.107096
0.074 -0.111868
0.075 -0.116761
0.076 -0.121776
0.077 -0.126913
0.078 -0.132174
0.079 -0.13756
0.08 -0.14307
0.081 -0.148706
0.082 -0.154469
0.083 -0.160359
0.084 -0.166377
0.085 -0.172524
0.086 -0.178801
0.087 -0.185207
0.088 -0.191744
0.089 -0.198412
0.09 -0.205211
0.091 -0.212143
0.092 -0.219207
0.093 -0.226404
0.094 -0.233735
0.095 -0.2412
0.096 -0.248798
0.097 -0.256532
0.098 -0.264399
0.099 -0.272402
0.1 -0.28054
0.101 -0.288814
0.102 -0.297218
0.103 -0.305753
0.104 -0.314448
0.105 -0.323308
0.106 -0.332322
0.107 -0.341492
0.108 -0.350811
0.109 -0.360277
0.11 -0.369886
0.111 -0.379635
0.112 -0.389522
0.113 -0.399543
0.114 -0.409699
0.115 -0.419986
0.116 -0.430403
0.117 -0.440949
0.118 -0.451623
0.119 -0.462424
0.12 -0.473351
0.121 -0.484404
0.122 -0.495582
0.123 -0.506884
0.124 -0.51831
0.125 -0.52986
0.126 -0.541533
0.127 -0.55333
0.128 -0.56525
0.129 -0.577292
0.13 -0.589457
0.131 -0.601744
0.132 -0.614153
0.133 -0.626683
0.134 -0.639335
0.135 -0.652108
0.136 -0.665001
0.137 -0.678014
0.138 -0.691146
0.139 -0.704398
0.14 -0.717768
0.141 -0.731256
0.142 -0.744861
0.143 -0.758583
0.144 -0.77242
0.145 -0.786373
0.146 -0.800439
0.147 -0.814619
0.148 -0.828911
0.149 -0.843315
0.15 -0.85783
0.151 -0.872454
0.152 -0.887177
0.153 -0.902008
0.154 -0.916999
0.155 -0.932153
0.156 -0.947446
0.157 -0.962883
0.158 -0.978444
0.159 -0.994126
0.16 -1.00992
0.161 -1.02582
0.162 -1.04181
0.163 -1.0579
0.164 -1.07408
0.165 -1.09034
0.166 -1.10668
0.167 -1.1231
0.168 -1.13959
0.169 -1.15616
0.17 -1.17279
0.171 -1.1895
0.172 -1.20626
0.173 -1.2231
0.174 -1.24
0.175 -1.25696
0.176 -1.27398
0.177 -1.29106
0.178 -1.30821
0.179 -1.32542
0.18 -1.34268
0.181 -1.36
0.182 -1.37738
0.183 -1.39482
0.184 -1.41232
0.185 -1.42987
0.186 -1.44747
0.187 -1.46513
0.188 -1.48285
0.189 -1.50061
0.19 -1.51843
0.191 -1.53629
0.192 -1.55421
0.193 -1.57217
0.194 -1.59018
0.195 -1.60824
0.196 -1.62634
0.197 -1.64448
0.198 -1.66266
0.199 -1.68088
0.2 -1.69914
0.201 -1.71744
0.202 -1.73576
0.203 -1.75413
0.204 -1.77264
0.205 -1.79125
0.206 -1.80995
0.207 -1.82873
0.208 -1.84757
0.209 -1.86646
0.21 -1.88538
0.211 -1.90433
0.212 -1.9233
0.213 -1.94228
0.214 -1.96126
0.215 -1.98023
0.216 -1.9992
0.217 -2.01815
0.218 -2.03709
0.219 -2.056
0.22 -2.07489
0.221 -2.09376
0.222 -2.11259
0.223 -2.1314
0.224 -2.15019
0.225 -2.16894
0.226 -2.18766
0.227 -2.20635
0.228 -2.22501
0.229 -2.24364
0.23 -2.26223
0.231 -2.2808
0.232 -2.29933
0.233 -2.31783
0.234 -2.33629
0.235 -2.35473
0.236 -2.37313
0.237 -2.3915
0.238 -2.40983
0.239 -2.42813
0.24 -2.44639
0.241 -2.46462
0.242 -2.4828
0.243 -2.50096
0.244 -2.51907
0.245 -2.53714
0.246 -2.55517
0.247 -2.57316
0.248 -2.59111
0.249 -2.60902
0.25 -2.62687
0.251 -2.64469
0.252 -2.66244
0.253 -2.68023
0.254 -2.69811
0.255 -2.716
0.256 -2.73394
0.257 -2.75187
0.258 -2.76978
0.259 -2.78767
0.26 -2.80551
0.261 -2.82329
0.262 -2.841
0.263 -2.85864
0.264 -2.87619
0.265 -2.89365
0.266 -2.911
0.267 -2.92826
0.268 -2.9454
0.269 -2.96244
0.27 -2.97937
0.271 -2.99618
0.272 -3.01288
0.273 -3.02946
0.274 -3.04593
0.275 -3.06229
0.276 -3.07853
0.277 -3.09466
0.278 -3.11067
0.279 -3.12658
0.28 -3.14237
0.281 -3.15805
0.282 -3.17363
0.283 -3.1891
0.284 -3.20446
0.285 -3.21971
0.286 -3.23487
0.287 -3.24991
0.288 -3.26485
0.289 -3.27969
0.29 -3.29443
0.291 -3.30906
0.292 -3.32359
0.293 -3.33802
0.294 -3.35234
0.295 -3.36657
0.296 -3.38069
0.297 -3.39471
0.298 -3.40862
0.299 -3.42244
0.3 -3.43615
0.301 -3.44975
0.302 -3.46328
0.303 -3.47687
0.304 -3.4905
0.305 -3.50409
0.306 -3.51768
0.307 -3.5312
0.308 -3.54466
0.309 -3.55803
0.31 -3.5713
0.311 -3.58445
0.312 -3.59748
0.313 -3.61037
0.314 -3.62312
0.315 -3.63572
0.316 -3.64817
0.317 -3.66046
0.318 -3.67259
0.319 -3.68456
0.32 -3.69637
0.321 -3.70802
0.322 -3.7195
0.323 -3.73082
0.324 -3.74198
0.325 -3.75299
0.326 -3.76383
0.327 -3.77453
0.328 -3.78507
0.329 -3.79546
0.33 -3.8057
0.331 -3.8158
0.332 -3.82576
0.333 -3.83558
0.334 -3.84526
0.335 -3.8548
0.336 -3.86421
0.337 -3.87349
0.338 -3.88263
0.339 -3.89165
0.34 -3.90055
0.341 -3.90932
0.342 -3.91796
0.343 -3.92649
0.344 -3.93489
0.345 -3.94317
0.346 -3.95134
0.347 -3.95939
0.348 -3.96732
0.349 -3.97513
0.35 -3.98283
0.351 -3.99042
0.352 -3.99798
0.353 -4.0057
0.354 -4.01343
0.355 -4.02109
0.356 -4.02874
0.357 -4.03628
0.358 -4.04376
0.359 -4.05111
0.36 -4.05836
0.361 -4.06547
0.362 -4.07246
0.363 -4.07929
0.364 -4.08598
0.365 -4.0925
0.366 -4.09888
0.367 -4.10509
0.368 -4.11114
0.369 -4.11703
0.37 -4.12275
0.371 -4.12832
0.372 -4.13373
0.373 -4.13899
0.374 -4.14409
0.375 -4.14904
0.376 -4.15384
0.377 -4.15851
0.378 -4.16302
0.379 -4.16741
0.38 -4.17165
0.381 -4.17578
0.382 -4.17977
0.383 -4.18364
0.384 -4.18738
0.385 -4.19102
0.386 -4.19454
0.387 -4.19795
0.388 -4.20124
0.389 -4.20444
0.39 -4.20753
0.391 -4.21053
0.392 -4.21342
0.393 -4.21622
0.394 -4.21893
0.395 -4.22155
0.396 -4.22407
0.397 -4.22652
0.398 -4.22887
0.399 -4.23114
0.4 -4.23333
0.401 -4.23544
0.402 -4.23768
0.403 -4.2402
0.404 -4.24264
0.405 -4.24509
0.406 -4.24748
0.407 -4.24978
0.408 -4.25204
0.409 -4.25417
0.41 -4.25624
0.411 -4.25818
0.412 -4.26004
0.413 -4.26175
0.414 -4.26338
0.415 -4.26486
0.416 -4.26625
0.417 -4.2675
0.418 -4.26864
0.419 -4.26965
0.42 -4.27057
0.421 -4.27135
0.422 -4.27203
0.423 -4.2726
0.424 -4.27307
0.425 -4.27343
0.426 -4.2737
0.427 -4.27387
0.428 -4.27396
0.429 -4.27395
0.43 -4.27387
0.431 -4.2737
0.432 -4.27346
0.433 -4.27315
0.434 -4.27277
0.435 -4.27233
0.436 -4.27183
0.437 -4.27127
0.438 -4.27065
0.439 -4.26998
0.44 -4.26927
0.441 -4.26851
0.442 -4.2677
0.443 -4.26686
0.444 -4.26597
0.445 -4.26505
0.446 -4.2641
0.447 -4.26312
0.448 -4.2621
0.449 -4.26107
0.45 -4.26
0.451 -4.25891
0.452 -4.2582
0.453 -4.2578
0.454 -4.25724
0.455 -4.25677
0.456 -4.25616
0.457 -4.25557
0.458 -4.25488
0.459 -4.25416
0.46 -4.25337
0.461 -4.25251
0.462 -4.2516
0.463 -4.25062
0.464 -4.24959
0.465 -4.24848
0.466 -4.24733
0.467 -4.2461
0.468 -4.24484
0.469 -4.2435
0.47 -4.24214
0.471 -4.2407
0.472 -4.23924
0.473 -4.23771
0.474 -4.23617
0.475 -4.23457
0.476 -4.23295
0.477 -4.23129
0.478 -4.22962
0.479 -4.22791
0.48 -4.22619
0.481 -4.22444
0.482 -4.2227
0.483 -4.22093
0.484 -4.21916
0.485 -4.21738
0.486 -4.2156
0.487 -4.21382
0.488 -4.21204
0.489 -4.21027
0.49 -4.20851
0.491 -4.20675
0.492 -4.20502
0.493 -4.20329
0.494 -4.20158
0.495 -4.19989
0.496 -4.19822
0.497 -4.19657
0.498 -4.19495
0.499 -4.19335
0.5 -4.19178
0.501 -4.19024
0.502 -4.18936
0.503 -4.18861
0.504 -4.18769
0.505 -4.18687
0.506 -4.18585
0.507 -4.18491
0.508 -4.18382
0.509 -4.18279
0.51 -4.18165
0.511 -4.18055
0.512 -4.17937
0.513 -4.17823
0.514 -4.17703
0.515 -4.17586
0.516 -4.17465
0.517 -4.17347
0.518 -4.17227
0.519 -4.17108
0.52 -4.1699
0.521 -4.16873
0.522 -4.16757
0.523 -4.16642
0.524 -4.16529
0.525 -4.16418
0.526 -4.16309
0.527 -4.16202
0.528 -4.16099
0.529 -4.15996
0.53 -4.15898
0.531 -4.15801
0.532 -4.1571
0.533 -4.15619
0.534 -4.15534
0.535 -4.15451
0.536 -4.15373
0.537 -4.15298
0.538 -4.15228
0.539 -4.1516
0.54 -4.15099
0.541 -4.1504
0.542 -4.14988
0.543 -4.14938
0.544 -4.14895
0.545 -4.14855
0.546 -4.14822
0.547 -4.14792
0.548 -4.1477
0.549 -4.1475
0.55 -4.14738
0.551 -4.1473
0.552 -4.14811
0.553 -4.14857
0.554 -4.14902
0.555 -4.14938
0.556 -4.14959
0.557 -4.14983
0.558 -4.14991
0.559 -4.15007
0.56 -4.15009
0.561 -4.15022
0.562 -4.15023
0.563 -4.15036
0.564 -4.1504
0.565 -4.15057
0.566 -4.15067
0.567 -4.15089
0.568 -4.15106
0.569 -4.15136
0.57 -4.15162
0.571 -4.15199
0.572 -4.15234
0.573 -4.1528
0.574 -4.15326
0.575 -4.15381
0.576 -4.15436
0.577 -4.155
0.578 -4.15566
0.579 -4.15639
0.58 -4.15714
0.581 -4.15797
0.582 -4.15882
0.583 -4.15973
0.584 -4.16068
0.585 -4.16168
0.586 -4.16272
0.587 -4.16382
0.588 -4.16494
0.589 -4.16613
0.59 -4.16735
0.591 -4.16862
0.592 -4.16994
0.593 -4.1713
0.594 -4.1727
0.595 -4.17416
0.596 -4.17566
0.597 -4.1772
0.598 -4.17879
0.599 -4.18043
0.6 -4.18212
0.601 -4.18385
0.602 -4.18637
0.603 -4.18797
0.604 -4.18983
0.605 -4.19121
0.606 -4.19269
0.607 -4.1939
0.608 -4.19515
0.609 -4.19627
0.61 -4.19741
0.611 -4.1985
0.612 -4.19961
0.613 -4.20073
0.614 -4.20185
0.615 -4.20304
0.616 -4.20423
0.617 -4.20551
0.618 -4.20678
0.619 -4.20816
0.62 -4.20953
0.621 -4.21102
0.622 -4.21249
0.623 -4.21409
0.624 -4.21567
0.625 -4.21737
0.626 -4.21905
0.627 -4.22084
0.628 -4.22261
0.629 -4.22449
0.63 -4.22633
0.631 -4.22829
0.632 -4.23021
0.633 -4.23223
0.634 -4.23421
0.635 -4.2363
0.636 -4.23833
0.637 -4.24046
0.638 -4.24255
0.639 -4.24472
0.64 -4.24685
0.641 -4.24906
0.642 -4.25122
0.643 -4.25347
0.644 -4.25567
0.645 -4.25795
0.646 -4.26018
0.647 -4.26248
0.648 -4.26474
0.649 -4.26708
0.65 -4.26937
0.651 -4.27174
0.652 -4.27407
0.653 -4.2753
0.654 -4.27688
0.655 -4.27766
0.656 -4.27881
0.657 -4.27934
0.658 -4.28022
0.659 -4.28062
0.66 -4.28134
0.661 -4.2817
0.662 -4.28237
0.663 -4.28276
0.664 -4.28344
0.665 -4.2839
0.666 -4.28463
0.667 -4.28519
0.668 -4.286
0.669 -4.28667
0.67 -4.28756
0.671 -4.28834
0.672 -4.28933
0.673 -4.29021
0.674 -4.29127
0.675 -4.29224
0.676 -4.29337
0.677 -4.29441
0.678 -4.29559
0.679 -4.29669
0.68 -4.2979
0.681 -4.29904
0.682 -4.30026
0.683 -4.30142
0.684 -4.30265
0.685 -4.30381
0.686 -4.30503
0.687 -4.30618
0.688 -4.30737
0.689 -4.30851
0.69 -4.30966
0.691 -4.31077
0.692 -4.31189
0.693 -4.31295
0.694 -4.31402
0.695 -4.31505
0.696 -4.31607
0.697 -4.31704
0.698 -4.31801
0.699 -4.31894
0.7 -4.31986
0.701 -4.32074
0.702 -4.31971
0.703 -4.31849
0.704 -4.31685
0.705 -4.31499
0.706 -4.31304
0.707 -4.31085
0.708 -4.30871
0.709 -4.30635
0.71 -4.30413
0.711 -4.30171
0.712 -4.2995
0.713 -4.2971
0.714 -4.29495
0.715 -4.29262
0.716 -4.29056
0.717 -4.28833
0.718 -4.28638
0.719 -4.28426
0.72 -4.28242
0.721 -4.2804
0.722 -4.27866
0.723 -4.27673
0.724 -4.27507
0.725 -4.27321
0.726 -4.2716
0.727 -4.2698
0.728 -4.26822
0.729 -4.26644
0.73 -4.26487
0.731 -4.26308
0.732 -4.2615
0.733 -4.25969
0.734 -4.25807
0.735 -4.25622
0.736 -4.25454
0.737 -4.25263
0.738 -4.25088
0.739 -4.24889
0.74 -4.24706
0.741 -4.24498
0.742 -4.24305
0.743 -4.24089
0.744 -4.23885
0.745 -4.23659
0.746 -4.23445
0.747 -4.23208
0.748 -4.22983
0.749 -4.22736
0.75 -4.225
0.751 -4.22242
0.752 -4.21581
0.753 -4.21068
0.754 -4.20364
0.755 -4.19781
0.756 -4.19061
0.757 -4.18443
0.758 -4.17717
0.759 -4.17083
0.76 -4.16359
0.761 -4.1572
0.762 -4.15006
0.763 -4.14371
0.764 -4.1367
0.765 -4.13043
0.766 -4.12358
0.767 -4.11742
0.768 -4.11074
0.769 -4.1047
0.77 -4.09817
0.771 -4.09224
0.772 -4.08584
0.773 -4.08001
0.774 -4.07372
0.775 -4.06795
0.776 -4.06174
0.777 -4.05601
0.778 -4.04986
0.779 -4.04414
0.78 -4.03801
0.781 -4.03227
0.782 -4.02613
0.783 -4.02035
0.784 -4.01417
0.785 -4.00834
0.786 -4.0021
0.787 -3.99618
0.788 -3.98988
0.789 -3.98386
0.79 -3.97746
0.791 -3.97134
0.792 -3.96485
0.793 -3.95861
0.794 -3.95201
0.795 -3.94565
0.796 -3.93894
0.797 -3.93246
0.798 -3.92564
0.799 -3.91903
0.8 -3.9121
0.801 -3.90538
0.802 -3.89617
0.803 -3.88698
0.804 -3.87704
0.805 -3.86707
0.806 -3.85673
0.807 -3.84633
0.808 -3.83574
0.809 -3.8251
0.81 -3.81439
0.811 -3.80364
0.812 -3.79291
0.813 -3.78215
0.814 -3.77145
0.815 -3.76074
0.816 -3.75014
0.817 -3.73951
0.818 -3.72901
0.819 -3.71848
0.82 -3.70808
0.821 -3.69766
0.822 -3.68736
0.823 -3.67702
0.824 -3.66681
0.825 -3.65654
0.826 -3.64639
0.827 -3.63617
0.828 -3.62606
0.829 -3.61586
0.83 -3.60576
0.831 -3.59556
0.832 -3.58545
0.833 -3.57522
0.834 -3.56508
0.835 -3.55482
0.836 -3.54463
0.837 -3.53431
0.838 -3.52405
0.839 -3.51366
0.84 -3.50333
0.841 -3.49286
0.842 -3.48246
0.843 -3.4719
0.844 -3.46141
0.845 -3.45077
0.846 -3.44018
0.847 -3.42946
0.848 -3.41879
0.849 -3.40798
0.85 -3.39723
0.851 -3.38634
0.852 -3.37553
0.853 -3.36303
0.854 -3.35113
0.855 -3.33796
0.856 -3.32538
0.857 -3.31178
0.858 -3.29875
0.859 -3.28489
0.86 -3.27158
0.861 -3.25759
0.862 -3.24412
0.863 -3.23009
0.864 -3.21656
0.865 -3.20256
0.866 -3.18903
0.867 -3.17509
0.868 -3.1616
0.869 -3.14775
0.87 -3.13432
0.871 -3.12057
0.872 -3.10721
0.873 -3.09355
0.874 -3.08025
0.875 -3.06667
0.876 -3.05342
0.877 -3.03992
0.878 -3.0267
0.879 -3.01325
0.88 -3.00005
0.881 -2.98664
0.882 -2.97345
0.883 -2.96005
0.884 -2.94686
0.885 -2.93346
0.886 -2.92025
0.887 -2.90685
0.888 -2.89362
0.889 -2.8802
0.89 -2.86693
0.891 -2.85349
0.892 -2.84019
0.893 -2.82672
0.894 -2.81339
0.895 -2.7999
0.896 -2.78652
0.897 -2.77301
0.898 -2.75961
0.899 -2.74608
0.9 -2.73265
0.901 -2.7191
0.902 -2.70676
0.903 -2.69286
0.904 -2.67938
0.905 -2.66499
0.906 -2.65079
0.907 -2.63601
0.908 -2.62132
0.909 -2.60628
0.91 -2.59128
0.911 -2.57608
0.912 -2.5609
0.913 -2.54562
0.914 -2.53035
0.915 -2.51507
0.916 -2.49977
0.917 -2.48451
0.918 -2.46924
0.919 -2.45404
0.92 -2.43881
0.921 -2.42368
0.922 -2.40852
0.923 -2.39346
0.924 -2.37836
0.925 -2.36339
0.926 -2.34835
0.927 -2.33344
0.928 -2.31847
0.929 -2.30362
0.93 -2.28871
0.931 -2.27391
0.932 -2.25904
0.933 -2.24429
0.934 -2.22946
0.935 -2.21474
0.936 -2.19995
0.937 -2.18527
0.938 -2.1705
0.939 -2.15585
0.94 -2.14111
0.941 -2.12648
0.942 -2.11177
0.943 -2.09718
0.944 -2.0825
0.945 -2.06793
0.946 -2.05328
0.947 -2.03875
0.948 -2.02414
0.949 -2.00964
0.95 -1.99507
0.951 -1.98062
0.952 -1.96751
0.953 -1.95385
0.954 -1.93997
0.955 -1.92598
0.956 -1.91155
0.957 -1.89721
0.958 -1.88242
0.959 -1.86779
0.96 -1.85276
0.961 -1.83795
0.962 -1.82277
0.963 -1.80783
0.964 -1.79257
0.965 -1.77756
0.966 -1.76227
0.967 -1.74723
0.968 -1.73195
0.969 -1.7169
0.97 -1.70165
0.971 -1.68662
0.972 -1.67141
0.973 -1.65641
0.974 -1.64126
0.975 -1.6263
0.976 -1.61121
0.977 -1.5963
0.978 -1.58127
0.979 -1.5664
0.98 -1.55144
0.981 -1.53662
0.982 -1.52171
0.983 -1.50695
0.984 -1.49211
0.985 -1.47739
0.986 -1.46261
0.987 -1.44795
0.988 -1.43324
0.989 -1.41863
0.99 -1.40398
0.991 -1.38944
0.992 -1.37485
0.993 -1.36037
0.994 -1.34586
0.995 -1.33144
0.996 -1.317
0.997 -1.30265
0.998 -1.2883
0.999 -1.27403
1 -1.25976
1.001 -1.24557
1.002 -1.23265
1.003 -1.21999
1.004 -1.20694
1.005 -1.1941
1.006 -1.1808
1.007 -1.16768
1.008 -1.15418
1.009 -1.14082
1.01 -1.12717
1.011 -1.1136
1.012 -1.09983
1.013 -1.08611
1.014 -1.07224
1.015 -1.05839
1.016 -1.04444
1.017 -1.0305
1.018 -1.0165
1.019 -1.00249
1.02 -0.988452
1.021 -0.974394
1.022 -0.96033
1.023 -0.946241
1.024 -0.932167
1.025 -0.918064
1.026 -0.903992
1.027 -0.889887
1.028 -0.875828
1.029 -0.861735
1.03 -0.847698
1.031 -0.833628
1.032 -0.819622
1.033 -0.805584
1.034 -0.791617
1.035 -0.77762
1.036 -0.763701
1.037 -0.749753
1.038 -0.735888
1.039 -0.721996
1.04 -0.708192
1.041 -0.694365
1.042 -0.680628
1.043 -0.66687
1.044 -0.653206
1.045 -0.639525
1.046 -0.62594
1.047 -0.612341
1.048 -0.598839
1.049 -0.585328
1.05 -0.571916
1.051 -0.558498
1.052 -0.546111
1.053 -0.534473
1.054 -0.522621
1.055 -0.510995
1.056 -0.499202
1.057 -0.487448
1.058 -0.475611
1.059 -0.463706
1.06 -0.45177
1.061 -0.439702
1.062 -0.427631
1.063 -0.415394
1.064 -0.403171
1.065 -0.390765
1.066 -0.378383
1.067 -0.365815
1.068 -0.353277
1.069 -0.340559
1.07 -0.327875
1.071 -0.315023
1.072 -0.302208
1.073 -0.28924
1.074 -0.276313
1.075 -0.263248
1.076 -0.250229
1.077 -0.237089
1.078 -0.223998
1.079 -0.210803
1.08 -0.197659
1.081 -0.184429
1.082 -0.171252
1.083 -0.158004
1.084 -0.144813
1.085 -0.131564
1.086 -0.118372
1.087 -0.105137
1.088 -0.0919611
1.089 -0.078753
1.09 -0.0656042
1.091 -0.0524344
1.092 -0.0393238
1.093 -0.0262019
1.094 -0.013139
1.095 -7.32081e-05
1.096 0.0129342
1.097 0.0259368
1.098 0.0388818
1.099 0.0518154
1.1 0.0646924
1.101 0.077552
1.102 0.0897817
1.103 0.101016
1.104 0.112197
1.105 0.123156
1.106 0.134024
1.107 0.144892
1.108 0.155678
1.109 0.166566
1.11 0.177408
1.111 0.188407
1.112 0.199401
1.113 0.210575
1.114 0.221781
1.115 0.233173
1.116 0.244625
1.117 0.256257
1.118 0.267968
1.119 0.279845
1.12 0.291813
1.121 0.303928
1.122 0.316137
1.123 0.328473
1.124 0.340902
1.125 0.353436
1.126 0.366057
1.127 0.378762
1.128 0.391547
1.129 0.404394
1.13 0.417313
1.131 0.430274
1.132 0.443298
1.133 0.456347
1.134 0.46945
1.135 0.482562
1.136 0.495718
1.137 0.508871
1.138 0.52206
1.139 0.535235
1.14 0.548439
1.141 0.561618
1.142 0.574821
1.143 0.587992
1.144 0.601181
1.145 0.614333
1.146 0.627498
1.147 0.640621
1.148 0.653754
1.149 0.666841
1.15 0.679935
1.151 0.692981
1.152 0.705749
1.153 0.717561
1.154 0.729029
1.155 0.740264
1.156 0.751216
1.157 0.762119
1.158 0.772869
1.159 0.783654
1.16 0.794406
1.161 0.805245
1.162 0.816144
1.163 0.827163
1.164 0.838307
1.165 0.849589
1.166 0.86104
1.167 0.872635
1.168 0.884422
1.169 0.896352
1.17 0.908481
1.171 0.920744
1.172 0.933205
1.173 0.945786
1.174 0.958554
1.175 0.971426
1.176 0.98447
1.177 0.997601
1.178 1.01088
1.179 1.02424
1.18 1.03772
1.181 1.05126
1.182 1.06491
1.183 1.0786
1.184 1.09238
1.185 1.10619
1.186 1.12007
1.187 1.13397
1.188 1.14792
1.189 1.16188
1.19 1.17589
1.191 1.18989
1.192 1.20392
1.193 1.21795
1.194 1.232
1.195 1.24603
1.196 1.26008
1.197 1.27411
1.198 1.28815
1.199 1.30217
1.2 1.31619
1.201 1.3302
1.202 1.34412
1.203 1.35734
1.204 1.36997
1.205 1.38233
1.206 1.39428
1.207 1.4061
1.208 1.41772
1.209 1.4293
1.21 1.44084
1.211 1.45241
1.212 1.46407
1.213 1.47581
1.214 1.4877
1.215 1.49973
1.216 1.51195
1.217 1.52433
1.218 1.53693
1.219 1.54969
1.22 1.56268
1.221 1.57584
1.222 1.5892
1.223 1.60274
1.224 1.61646
1.225 1.63034
1.226 1.6444
1.227 1.65859
1.228 1.67292
1.229 1.68738
1.23 1.70196
1.231 1.71664
1.232 1.73141
1.233 1.74628
1.234 1.76122
1.235 1.77622
1.236 1.79129
1.237 1.8064
1.238 1.82156
1.239 1.83675
1.24 1.85197
1.241 1.86722
1.242 1.88248
1.243 1.89776
1.244 1.91304
1.245 1.92834
1.246 1.94363
1.247 1.95893
1.248 1.97421
1.249 1.98951
1.25 2.00478
1.251 2.02005
1.252 2.03534
1.253 2.05023
1.254 2.06442
1.255 2.07825
1.256 2.09163
1.257 2.10476
1.258 2.11769
1.259 2.13048
1.26 2.14324
1.261 2.15597
1.262 2.16877
1.263 2.18164
1.264 2.19464
1.265 2.20778
1.266 2.22109
1.267 2.23457
1.268 2.24824
1.269 2.26211
1.27 2.27617
1.271 2.29043
1.272 2.30488
1.273 2.31952
1.274 2.33433
1.275 2.34932
1.276 2.36446
1.277 2.37976
1.278 2.39519
1.279 2.41076
1.28 2.42643
1.281 2.44222
1.282 2.45809
1.283 2.47406
1.284 2.49009
1.285 2.50619
1.286 2.52233
1.287 2.53854
1.288 2.55476
1.289 2.57103
1.29 2.58731
1.291 2.60361
1.292 2.61992
1.293 2.63624
1.294 2.65255
1.295 2.66887
1.296 2.68518
1.297 2.70148
1.298 2.71777
1.299 2.73405
1.3 2.7503
1.301 2.76654
1.302 2.78284
1.303 2.79896
1.304 2.81444
1.305 2.82943
1.306 2.84402
1.307 2.85826
1.308 2.8723
1.309 2.88614
1.31 2.89993
1.311 2.91365
1.312 2.92741
1.313 2.94121
1.314 2.95511
1.315 2.96912
1.316 2.98326
1.317 2.99756
1.318 3.01202
1.319 3.02666
1.32 3.04146
1.321 3.05644
1.322 3.07158
1.323 3.08689
1.324 3.10235
1.325 3.11796
1.326 3.13371
1.327 3.1496
1.328 3.1656
1.329 3.18171
1.33 3.19791
1.331 3.2142
1.332 3.23057
1.333 3.247
1.334 3.26349
1.335 3.28002
1.336 3.29659
1.337 3.31319
1.338 3.3298
1.339 3.34643
1.34 3.36307
1.341 3.3797
1.342 3.39633
1.343 3.41295
1.344 3.42956
1.345 3.44615
1.346 3.46272
1.347 3.47926
1.348 3.49577
1.349 3.51226
1.35 3.52871
1.351 3.54513
1.352 3.5616
1.353 3.57803
1.354 3.59395
1.355 3.60933
1.356 3.62437
1.357 3.63903
1.358 3.65349
1.359 3.66775
1.36 3.68192
1.361 3.69601
1.362 3.71009
1.363 3.72419
1.364 3.73834
1.365 3.75257
1.366 3.76689
1.367 3.78132
1.368 3.79586
1.369 3.81054
1.37 3.82534
1.371 3.84027
1.372 3.85532
1.373 3.8705
1.374 3.88579
1.375 3.9012
1.376 3.9167
1.377 3.9323
1.378 3.94799
1.379 3.96374
1.38 3.97957
1.381 3.99544
1.382 4.01137
1.383 4.02733
1.384 4.04332
1.385 4.05933
1.386 4.07536
1.387 4.09139
1.388 4.10742
1.389 4.12344
1.39 4.13945
1.391 4.15544
1.392 4.17141
1.393 4.18734
1.394 4.20326
1.395 4.21913
1.396 4.23497
1.397 4.25076
1.398 4.26652
1.399 4.28223
1.4 4.2979
1.401 4.31352
1.402 4.32916
1.403 4.34482
1.404 4.3601
1.405 4.37492
1.406 4.38947
1.407 4.40371
1.408 4.41775
1.409 4.43162
1.41 4.44538
1.411 4.45908
1.412 4.47272
1.413 4.48636
1.414 4.5
1.415 4.51369
1.416 4.52741
1.417 4.54119
1.418 4.55504
1.419 4.56896
1.42 4.58295
1.421 4.59702
1.422 4.61116
1.423 4.62537
1.424 4.63964
1.425 4.65398
1.426 4.66837
1.427 4.68281
1.428 4.69729
1.429 4.71181
1.43 4.72635
1.431 4.74092
1.432 4.7555
1.433 4.77009
1.434 4.78468
1.435 4.79927
1.436 4.81385
1.437 4.82841
1.438 4.84295
1.439 4.85747
1.44 4.87196
1.441 4.88641
1.442 4.90083
1.443 4.91521
1.444 4.92955
1.445 4.94385
1.446 4.9581
1.447 4.9723
1.448 4.98645
1.449 5.00055
1.45 5.01461
1.451 5.02861
1.452 5.04259
1.453 5.05657
1.454 5.07034
1.455 5.08382
1.456 5.09713
1.457 5.11023
1.458 5.1232
1.459 5.13605
1.46 5.14881
1.461 5.16151
1.462 5.17414
1.463 5.18676
1.464 5.19934
1.465 5.21193
1.466 5.2245
1.467 5.23709
1.468 5.24968
1.469 5.26229
1.47 5.27491
1.471 5.28755
1.472 5.3002
1.473 5.31287
1.474 5.32554
1.475 5.33823
1.476 5.35092
1.477 5.36362
1.478 5.37632
1.479 5.38901
1.48 5.40169
1.481 5.41437
1.482 5.42703
1.483 5.43967
1.484 5.45229
1.485 5.46489
1.486 5.47745
1.487 5.48999
1.488 5.5025
1.489 5.51497
1.49 5.52741
1.491 5.5398
1.492 5.55216
1.493 5.56447
1.494 5.57675
1.495 5.58897
1.496 5.60116
1.497 5.61329
1.498 5.62538
1.499 5.63743
1.5 5.64942
