0.0005 0
0.001 -3.62071e-05
0.0015 -0.000150287
0.002 -2.23247e-05
0.0025 0.000740026
0.003 0.00178404
0.0035 0.00279347
0.004 0.00380399
0.0045 0.00464576
0.005 0.0053296
0.0055 0.00582409
0.006 0.0061051
0.0065 0.00620022
0.007 0.00607968
0.0075 0.00578335
0.008 0.00529157
0.0085 0.0046378
0.009 0.00381611
0.0095 0.00284917
0.01 0.00174262
0.0105 0.000509773
0.011 -0.000836037
0.0115 -0.00228791
0.012 -0.00382848
0.0125 -0.00545446
0.013 -0.00714733
0.0135 -0.00890532
0.014 -0.0107107
0.0145 -0.0125619
0.015 -0.0144431
0.0155 -0.0163523
0.016 -0.0182761
0.0165 -0.0202117
0.017 -0.0221485
0.0175 -0.0240828
0.018 -0.0260066
0.0185 -0.0279158
0.019 -0.0298044
0.0195 -0.0316682
0.02 -0.0335032
0.0205 -0.035305
0.021 -0.0370715
0.0215 -0.0387982
0.022 -0.0404846
0.0225 -0.0421265
0.023 -0.0437243
0.0235 -0.0452745
0.024 -0.0467782
0.0245 -0.0482326
0.025 -0.0496394
0.0255 -0.0509964
0.026 -0.0523057
0.0265 -0.0535658
0.027 -0.0547791
0.0275 -0.0559446
0.028 -0.0570649
0.0285 -0.0581397
0.029 -0.0591716
0.0295 -0.0601609
0.03 -0.0611101
0.0305 -0.0620199
0.031 -0.0628928
0.0315 -0.06373
0.032 -0.0645336
0.0325 -0.0653053
0.033 -0.0660471
0.0335 -0.0667608
0.034 -0.0674483
0.0345 -0.0681114
0.035 -0.068752
0.0355 -0.0693719
0.036 -0.0699728
0.0365 -0.0705567
0.037 -0.0711247
0.0375 -0.0716791
0.038 -0.0722208
0.0385 -0.0727517
0.039 -0.0732729
0.0395 -0.0737861
0.04 -0.074292
0.0405 -0.0747923
0.041 -0.0752875
0.0415 -0.0757792
0.042 -0.0762677
0.0425 -0.0767544
0.043 -0.0772394
0.0435 -0.077724
0.044 -0.0782082
0.0445 -0.0786931
0.045 -0.0791784
0.0455 -0.0796651
0.046 -0.080153
0.0465 -0.0806427
0.047 -0.081134
0.0475 -0.0816273
0.048 -0.0821223
0.0485 -0.0826193
0.049 -0.0831178
0.0495 -0.0836182
0.05 -0.0841199
0.0505 -0.084623
0.051 -0.0851271
0.0515 -0.085632
0.052 -0.0861372
0.0525 -0.0866427
0.053 -0.0871479
0.0535 -0.0876525
0.054 -0.0881561
0.0545 -0.0886584
0.055 -0.089159
0.0555 -0.0896573
0.056 -0.0901531
0.0565 -0.0906458
0.057 -0.0911352
0.0575 -0.0916207
0.058 -0.092102
0.0585 -0.0925787
0.059 -0.0930503
0.0595 -0.0935166
0.06 -0.0939771
0.0605 -0.0944315
0.061 -0.0948795
0.0615 -0.0953207
0.062 -0.0957548
0.0625 -0.0961815
0.063 -0.0966007
0.0635 -0.0970119
0.064 -0.097415
0.0645 -0.0978097
0.065 -0.0981959
0.0655 -0.0985733
0.066 -0.0989418
0.0665 -0.0993012
0.067 -0.0996514
0.0675 -0.0999922
0.068 -0.100324
0.0685 -0.100645
0.069 -0.100958
0.0695 -0.10126
0.07 -0.101553
0.0705 -0.101836
0.071 -0.10211
0.0715 -0.102373
0.072 -0.102627
0.0725 -0.102871
0.073 -0.103105
0.0735 -0.10333
0.074 -0.103544
0.0745 -0.10375
0.075 -0.103945
0.0755 -0.104132
0.076 -0.104308
0.0765 -0.104476
0.077 -0.104634
0.0775 -0.104782
0.078 -0.104922
0.0785 -0.105052
0.079 -0.105174
0.0795 -0.105287
0.08 -0.10539
0.0805 -0.105485
0.081 -0.105572
0.0815 -0.105649
0.082 -0.105718
0.0825 -0.105779
0.083 -0.105831
0.0835 -0.105876
0.084 -0.105911
0.0845 -0.105939
0.085 -0.105959
0.0855 -0.10597
0.086 -0.105974
0.0865 -0.10597
0.087 -0.105958
0.0875 -0.105938
0.088 -0.10591
0.0885 -0.105875
0.089 -0.105832
0.0895 -0.105782
0.09 -0.105724
0.0905 -0.105658
0.091 -0.105585
0.0915 -0.105505
0.092 -0.105417
0.0925 -0.105322
0.093 -0.10522
0.0935 -0.10511
0.094 -0.104993
0.0945 -0.104868
0.095 -0.104736
0.0955 -0.104597
0.096 -0.104451
0.0965 -0.104298
0.097 -0.104137
0.0975 -0.103969
0.098 -0.103794
0.0985 -0.103612
0.099 -0.103423
0.0995 -0.103226
0.1 -0.103023
0.1005 -0.102812
0.101 -0.102594
0.1015 -0.102369
0.102 -0.102137
0.1025 -0.101898
0.103 -0.101652
0.1035 -0.101399
0.104 -0.101139
0.1045 -0.100872
0.105 -0.100598
0.1055 -0.100316
0.106 -0.100028
0.1065 -0.099733
0.107 -0.0994309
0.1075 -0.0991219
0.108 -0.098806
0.1085 -0.0984832
0.109 -0.0981536
0.1095 -0.0978171
0.11 -0.0974739
0.1105 -0.0971238
0.111 -0.0967671
0.1115 -0.0964036
0.112 -0.0960334
0.1125 -0.0956566
0.113 -0.0952732
0.1135 -0.0948832
0.114 -0.0944866
0.1145 -0.0940835
0.115 -0.093674
0.1155 -0.0932579
0.116 -0.0928355
0.1165 -0.0924066
0.117 -0.0919714
0.1175 -0.09153
0.118 -0.0910822
0.1185 -0.0906283
0.119 -0.0901681
0.1195 -0.0897019
0.12 -0.0892295
0.1205 -0.0887511
0.121 -0.0882667
0.1215 -0.0877764
0.122 -0.0872801
0.1225 -0.086778
0.123 -0.0862701
0.1235 -0.0857565
0.124 -0.0852372
0.1245 -0.0847122
0.125 -0.0841816
0.1255 -0.0836455
0.126 -0.0831038
0.1265 -0.0825567
0.127 -0.0820042
0.1275 -0.0814463
0.128 -0.080883
0.1285 -0.0803146
0.129 -0.0797409
0.1295 -0.079162
0.13 -0.078578
0.1305 -0.077989
0.131 -0.077395
0.1315 -0.076796
0.132 -0.0761921
0.1325 -0.0755833
0.133 -0.0749698
0.1335 -0.0743515
0.134 -0.0737285
0.1345 -0.0731009
0.135 -0.0724687
0.1355 -0.071832
0.136 -0.0711909
0.1365 -0.0705453
0.137 -0.0698954
0.1375 -0.0692411
0.138 -0.0685826
0.1385 -0.0679199
0.139 -0.0672531
0.1395 -0.0665821
0.14 -0.0659071
0.1405 -0.0652281
0.141 -0.0645451
0.1415 -0.0638583
0.142 -0.0631676
0.1425 -0.0624731
0.143 -0.0617749
0.1435 -0.0610731
0.144 -0.0603676
0.1445 -0.0596586
0.145 -0.058946
0.1455 -0.05823
0.146 -0.0575107
0.1465 -0.056788
0.147 -0.056062
0.1475 -0.0553328
0.148 -0.0546005
0.1485 -0.0538651
0.149 -0.0531266
0.1495 -0.0523852
0.15 -0.0516408
0.1505 -0.0508935
0.151 -0.0501434
0.1515 -0.0493905
0.152 -0.0486349
0.1525 -0.0478766
0.153 -0.0471158
0.1535 -0.0463523
0.154 -0.0455864
0.1545 -0.0448181
0.155 -0.0440474
0.1555 -0.0432743
0.156 -0.042499
0.1565 -0.0417215
0.157 -0.0409419
0.1575 -0.0401602
0.158 -0.0393764
0.1585 -0.0385907
0.159 -0.0378032
0.1595 -0.0370138
0.16 -0.0362226
0.1605 -0.0354297
0.161 -0.0346351
0.1615 -0.0338389
0.162 -0.0330412
0.1625 -0.0322419
0.163 -0.0314413
0.1635 -0.0306392
0.164 -0.0298358
0.1645 -0.0290312
0.165 -0.0282253
0.1655 -0.0274183
0.166 -0.0266102
0.1665 -0.0258011
0.167 -0.024991
0.1675 -0.02418
0.168 -0.0233681
0.1685 -0.0225554
0.169 -0.021742
0.1695 -0.020928
0.17 -0.0201133
0.1705 -0.019298
0.171 -0.0184823
0.1715 -0.0176662
0.172 -0.0168497
0.1725 -0.0160328
0.173 -0.0152158
0.1735 -0.0143985
0.174 -0.013581
0.1745 -0.0127635
0.175 -0.0119459
0.1755 -0.0111284
0.176 -0.0103109
0.1765 -0.00949353
0.177 -0.00867637
0.1775 -0.00785946
0.178 -0.00704285
0.1785 -0.0062266
0.179 -0.00541077
0.1795 -0.00459541
0.18 -0.00378059
0.1805 -0.00296635
0.181 -0.00215276
0.1815 -0.00133987
0.182 -0.00052776
0.1825 0.000283524
0.183 0.00109392
0.1835 0.00190337
0.184 0.00271183
0.1845 0.00351924
0.185 0.00432555
0.1855 0.00513071
0.186 0.00593466
0.1865 0.00673736
0.187 0.00753875
0.1875 0.00833878
0.188 0.00913739
0.1885 0.00993453
0.189 0.0107302
0.1895 0.0115242
0.19 0.0123166
0.1905 0.0131074
0.191 0.0138964
0.1915 0.0146836
0.192 0.015469
0.1925 0.0162525
0.193 0.017034
0.1935 0.0178135
0.194 0.018591
0.1945 0.0193664
0.195 0.0201396
0.1955 0.0209106
0.196 0.0216793
0.1965 0.0224457
0.197 0.0232097
0.1975 0.0239714
0.198 0.0247306
0.1985 0.0254873
0.199 0.0262414
0.1995 0.026993
0.2 0.0277419
0.2005 0.0284881
0.201 0.0292316
0.2015 0.0299723
0.202 0.0307101
0.2025 0.0314451
0.203 0.0321772
0.2035 0.0329063
0.204 0.0336323
0.2045 0.0343553
0.205 0.0350752
0.2055 0.0357919
0.206 0.0365055
0.2065 0.0372157
0.207 0.0379226
0.2075 0.0386262
0.208 0.0393264
0.2085 0.0400232
0.209 0.0407165
0.2095 0.0414063
0.21 0.0420925
0.2105 0.0427751
0.211 0.0434542
0.2115 0.0441295
0.212 0.0448011
0.2125 0.045469
0.213 0.0461331
0.2135 0.0467933
0.214 0.0474497
0.2145 0.0481021
0.215 0.0487507
0.2155 0.0493952
0.216 0.0500357
0.2165 0.0506721
0.217 0.0513044
0.2175 0.0519325
0.218 0.0525565
0.2185 0.0531762
0.219 0.0537917
0.2195 0.0544028
0.22 0.0550097
0.2205 0.0556121
0.221 0.0562102
0.2215 0.0568038
0.222 0.057393
0.2225 0.0579776
0.223 0.0585578
0.2235 0.0591334
0.224 0.0597043
0.2245 0.0602707
0.225 0.0608324
0.2255 0.0613895
0.226 0.0619418
0.2265 0.0624894
0.227 0.0630322
0.2275 0.0635701
0.228 0.0641033
0.2285 0.0646316
0.229 0.065155
0.2295 0.0656734
0.23 0.0661869
0.2305 0.0666954
0.231 0.0671989
0.2315 0.0676973
0.232 0.0681907
0.2325 0.0686789
0.233 0.0691621
0.2335 0.0696402
0.234 0.070113
0.2345 0.0705807
0.235 0.0710432
0.2355 0.0715005
0.236 0.0719525
0.2365 0.0723993
0.237 0.0728408
0.2375 0.0732769
0.238 0.0737077
0.2385 0.0741332
0.239 0.0745533
0.2395 0.074968
0.24 0.0753773
0.2405 0.0757812
0.241 0.0761796
0.2415 0.0765725
0.242 0.0769599
0.2425 0.0773418
0.243 0.0777181
0.2435 0.0780889
0.244 0.0784542
0.2445 0.0788138
0.245 0.0791679
0.2455 0.0795164
0.246 0.0798592
0.2465 0.0801965
0.247 0.0805281
0.2475 0.0808541
0.248 0.0811743
0.2485 0.081489
0.249 0.0817979
0.2495 0.0821011
0.25 0.0823987
0.2505 0.0826905
0.251 0.0829765
0.2515 0.0832569
0.252 0.0835315
0.2525 0.0838003
0.253 0.0840633
0.2535 0.0843206
0.254 0.0845721
0.2545 0.0848177
0.255 0.0850576
0.2555 0.0852916
0.256 0.0855199
0.2565 0.0857423
0.257 0.0859589
0.2575 0.0861697
0.258 0.0863746
0.2585 0.0865737
0.259 0.0867671
0.2595 0.0869545
0.26 0.0871362
0.2605 0.087312
0.261 0.087482
0.2615 0.0876461
0.262 0.0878044
0.2625 0.0879569
0.263 0.0881035
0.2635 0.0882443
0.264 0.0883792
0.2645 0.0885083
0.265 0.0886316
0.2655 0.088749
0.266 0.0888605
0.2665 0.0889663
0.267 0.0890662
0.2675 0.0891602
0.268 0.0892485
0.2685 0.0893309
0.269 0.0894076
0.2695 0.0894784
0.27 0.0895435
0.2705 0.0896028
0.271 0.0896563
0.2715 0.089704
0.272 0.089746
0.2725 0.0897822
0.273 0.0898127
0.2735 0.0898375
0.274 0.0898565
0.2745 0.0898698
0.275 0.0898774
0.2755 0.0898794
0.276 0.0898756
0.2765 0.0898661
0.277 0.089851
0.2775 0.0898302
0.278 0.0898037
0.2785 0.0897717
0.279 0.089734
0.2795 0.0896906
0.28 0.0896418
0.2805 0.0895873
0.281 0.0895273
0.2815 0.0894617
0.282 0.0893907
0.2825 0.0893141
0.283 0.0892321
0.2835 0.0891445
0.284 0.0890516
0.2845 0.0889531
0.285 0.0888493
0.2855 0.0887401
0.286 0.0886255
0.2865 0.0885055
0.287 0.0883801
0.2875 0.0882495
0.288 0.0881135
0.2885 0.0879722
0.289 0.0878257
0.2895 0.0876738
0.29 0.0875168
0.2905 0.0873545
0.291 0.087187
0.2915 0.0870144
0.292 0.0868367
0.2925 0.0866538
0.293 0.0864659
0.2935 0.0862729
0.294 0.0860748
0.2945 0.0858718
0.295 0.0856637
0.2955 0.0854507
0.296 0.0852327
0.2965 0.0850099
0.297 0.0847821
0.2975 0.0845495
0.298 0.084312
0.2985 0.0840698
0.299 0.0838227
0.2995 0.0835709
0.3 0.0833143
0.3005 0.083053
0.301 0.0827871
0.3015 0.0825165
0.302 0.0822412
0.3025 0.0819613
0.303 0.0816769
0.3035 0.081388
0.304 0.0810946
0.3045 0.0807967
0.305 0.0804943
0.3055 0.0801876
0.306 0.0798765
0.3065 0.0795611
0.307 0.0792413
0.3075 0.0789173
0.308 0.0785891
0.3085 0.0782566
0.309 0.0779199
0.3095 0.0775791
0.31 0.0772342
0.3105 0.0768851
0.311 0.0765321
0.3115 0.076175
0.312 0.0758139
0.3125 0.0754488
0.313 0.0750798
0.3135 0.074707
0.314 0.0743302
0.3145 0.0739497
0.315 0.0735653
0.3155 0.0731773
0.316 0.0727855
0.3165 0.0723901
0.317 0.071991
0.3175 0.0715884
0.318 0.0711822
0.3185 0.0707725
0.319 0.0703594
0.3195 0.0699427
0.32 0.0695227
0.3205 0.0690993
0.321 0.0686726
0.3215 0.0682425
0.322 0.0678092
0.3225 0.0673727
0.323 0.066933
0.3235 0.0664902
0.324 0.0660442
0.3245 0.0655951
0.325 0.0651431
0.3255 0.064688
0.326 0.0642299
0.3265 0.0637689
0.327 0.0633051
0.3275 0.0628384
0.328 0.062369
0.3285 0.0618968
0.329 0.0614219
0.3295 0.0609444
0.33 0.0604642
0.3305 0.0599815
0.331 0.0594962
0.3315 0.0590084
0.332 0.0585181
0.3325 0.0580255
0.333 0.0575304
0.3335 0.057033
0.334 0.0565333
0.3345 0.0560313
0.335 0.0555271
0.3355 0.0550207
0.336 0.0545121
0.3365 0.0540015
0.337 0.0534888
0.3375 0.052974
0.338 0.0524573
0.3385 0.0519387
0.339 0.0514181
0.3395 0.0508958
0.34 0.0503716
0.3405 0.0498457
0.341 0.0493181
0.3415 0.0487889
0.342 0.048258
0.3425 0.0477255
0.343 0.0471915
0.3435 0.046656
0.344 0.0461191
0.3445 0.0455807
0.345 0.0450409
0.3455 0.0444999
0.346 0.0439575
0.3465 0.0434138
0.347 0.042869
0.3475 0.042323
0.348 0.0417758
0.3485 0.0412276
0.349 0.0406783
0.3495 0.040128
0.35 0.0395767
0.3505 0.0390246
0.351 0.0384716
0.3515 0.0379178
0.352 0.0373632
0.3525 0.0368079
0.353 0.0362519
0.3535 0.0356953
0.354 0.0351381
0.3545 0.0345804
0.355 0.0340221
0.3555 0.0334633
0.356 0.0329042
0.3565 0.0323446
0.357 0.0317846
0.3575 0.0312244
0.358 0.0306639
0.3585 0.0301031
0.359 0.0295422
0.3595 0.0289811
0.36 0.0284199
0.3605 0.0278587
0.361 0.0272974
0.3615 0.0267361
0.362 0.0261749
0.3625 0.0256138
0.363 0.0250529
0.3635 0.0244922
0.364 0.0239317
0.3645 0.0233715
0.365 0.0228117
0.3655 0.0222523
0.366 0.0216932
0.3665 0.0211346
0.367 0.0205765
0.3675 0.020019
0.368 0.019462
0.3685 0.0189056
0.369 0.0183498
0.3695 0.0177947
0.37 0.0172404
0.3705 0.0166868
0.371 0.016134
0.3715 0.015582
0.372 0.0150309
0.3725 0.0144808
0.373 0.0139316
0.3735 0.0133833
0.374 0.0128361
0.3745 0.0122901
0.375 0.0117451
0.3755 0.0112014
0.376 0.0106588
0.3765 0.0101176
0.377 0.00957756
0.3775 0.00903891
0.378 0.00850161
0.3785 0.00796572
0.379 0.00743126
0.3795 0.00689827
0.38 0.00636678
0.3805 0.00583684
0.381 0.00530847
0.3815 0.0047817
0.382 0.00425659
0.3825 0.00373315
0.383 0.00321142
0.3835 0.00269145
0.384 0.00217326
0.3845 0.00165688
0.385 0.00114236
0.3855 0.000629721
0.386 0.000119036
0.3865 -0.000389656
0.387 -0.000896318
0.3875 -0.00140091
0.388 -0.00190341
0.3885 -0.00240377
0.389 -0.00290197
0.3895 -0.00339798
0.39 -0.00389177
0.3905 -0.00438331
0.391 -0.00487256
0.3915 -0.0053595
0.392 -0.00584409
0.3925 -0.00632631
0.393 -0.00680613
0.3935 -0.00728352
0.394 -0.00775844
0.3945 -0.00823086
0.395 -0.00870077
0.3955 -0.00916812
0.396 -0.00963288
0.3965 -0.010095
0.397 -0.0105546
0.3975 -0.0110114
0.398 -0.0114655
0.3985 -0.0119168
0.399 -0.0123654
0.3995 -0.0128111
0.4 -0.0132539
0.4005 -0.0136939
0.401 -0.0141309
0.4015 -0.014565
0.402 -0.0149962
0.4025 -0.0154244
0.403 -0.0158495
0.4035 -0.0162717
0.404 -0.0166908
0.4045 -0.0171068
0.405 -0.0175197
0.4055 -0.0179295
0.406 -0.0183361
0.4065 -0.0187396
0.407 -0.0191398
0.4075 -0.0195369
0.408 -0.0199307
0.4085 -0.0203212
0.409 -0.0207085
0.4095 -0.0210924
0.41 -0.0214729
0.4105 -0.02185
0.411 -0.0222237
0.4115 -0.022594
0.412 -0.0229608
0.4125 -0.0233241
0.413 -0.0236838
0.4135 -0.0240401
0.414 -0.0243928
0.4145 -0.024742
0.415 -0.0250875
0.4155 -0.0254295
0.416 -0.0257679
0.4165 -0.0261026
0.417 -0.0264337
0.4175 -0.0267612
0.418 -0.0270849
0.4185 -0.027405
0.419 -0.0277213
0.4195 -0.0280339
0.42 -0.0283428
0.4205 -0.0286479
0.421 -0.0289493
0.4215 -0.0292468
0.422 -0.0295404
0.4225 -0.0298302
0.423 -0.0301161
0.4235 -0.030398
0.424 -0.0306761
0.4245 -0.0309502
0.425 -0.0312204
0.4255 -0.0314866
0.426 -0.0317488
0.4265 -0.0320071
0.427 -0.0322615
0.4275 -0.0325118
0.428 -0.0327581
0.4285 -0.0330004
0.429 -0.0332387
0.4295 -0.033473
0.43 -0.0337032
0.4305 -0.0339294
0.431 -0.0341515
0.4315 -0.0343696
0.432 -0.0345836
0.4325 -0.0347935
0.433 -0.0349993
0.4335 -0.035201
0.434 -0.0353984
0.4345 -0.0355918
0.435 -0.0357809
0.4355 -0.0359658
0.436 -0.0361466
0.4365 -0.0363232
0.437 -0.0364955
0.4375 -0.0366637
0.438 -0.0368277
0.4385 -0.0369874
0.439 -0.037143
0.4395 -0.0372943
0.44 -0.0374415
0.4405 -0.0375844
0.441 -0.0377231
0.4415 -0.0378576
0.442 -0.0379879
0.4425 -0.038114
0.443 -0.0382358
0.4435 -0.0383534
0.444 -0.0384668
0.4445 -0.038576
0.445 -0.0386809
0.4455 -0.0387816
0.446 -0.0388779
0.4465 -0.03897
0.447 -0.0390577
0.4475 -0.0391412
0.448 -0.0392204
0.4485 -0.0392953
0.449 -0.039366
0.4495 -0.0394324
0.45 -0.0394945
0.4505 -0.0395523
0.451 -0.039606
0.4515 -0.0396553
0.452 -0.0397005
0.4525 -0.0397413
0.453 -0.039778
0.4535 -0.0398105
0.454 -0.0398387
0.4545 -0.0398627
0.455 -0.0398825
0.4555 -0.0398981
0.456 -0.0399095
0.4565 -0.0399167
0.457 -0.0399197
0.4575 -0.0399185
0.458 -0.039913
0.4585 -0.0399033
0.459 -0.0398894
0.4595 -0.0398712
0.46 -0.0398489
0.4605 -0.0398224
0.461 -0.0397917
0.4615 -0.0397568
0.462 -0.0397178
0.4625 -0.0396747
0.463 -0.0396274
0.4635 -0.0395761
0.464 -0.0395206
0.4645 -0.0394611
0.465 -0.0393974
0.4655 -0.0393298
0.466 -0.039258
0.4665 -0.0391823
0.467 -0.0391025
0.4675 -0.0390187
0.468 -0.0389309
0.4685 -0.0388392
0.469 -0.0387434
0.4695 -0.0386436
0.47 -0.0385398
0.4705 -0.0384319
0.471 -0.0383201
0.4715 -0.0382043
0.472 -0.0380846
0.4725 -0.0379609
0.473 -0.0378334
0.4735 -0.0377019
0.474 -0.0375666
0.4745 -0.0374274
0.475 -0.0372844
0.4755 -0.0371376
0.476 -0.036987
0.4765 -0.0368327
0.477 -0.0366746
0.4775 -0.0365127
0.478 -0.0363471
0.4785 -0.0361778
0.479 -0.0360049
0.4795 -0.0358283
0.48 -0.035648
0.4805 -0.0354641
0.481 -0.0352766
0.4815 -0.0350854
0.482 -0.0348906
0.4825 -0.0346921
0.483 -0.03449
0.4835 -0.0342843
0.484 -0.0340751
0.4845 -0.0338624
0.485 -0.0336462
0.4855 -0.0334266
0.486 -0.0332034
0.4865 -0.0329769
0.487 -0.032747
0.4875 -0.0325137
0.488 -0.0322771
0.4885 -0.0320371
0.489 -0.0317938
0.4895 -0.0315473
0.49 -0.0312975
0.4905 -0.0310445
0.491 -0.0307883
0.4915 -0.0305289
0.492 -0.0302664
0.4925 -0.0300007
0.493 -0.0297319
0.4935 -0.0294599
0.494 -0.0291848
0.4945 -0.0289065
0.495 -0.0286252
0.4955 -0.0283408
0.496 -0.0280534
0.4965 -0.027763
0.497 -0.0274696
0.4975 -0.0271734
0.498 -0.0268742
0.4985 -0.0265722
0.499 -0.0262673
0.4995 -0.0259596
0.5 -0.0256491
0.5005 -0.0253359
0.501 -0.02502
0.5015 -0.0247014
0.502 -0.0243801
0.5025 -0.0240562
0.503 -0.0237296
0.5035 -0.0234005
0.504 -0.0230688
0.5045 -0.0227346
0.505 -0.0223979
0.5055 -0.0220585
0.506 -0.0217167
0.5065 -0.0213723
0.507 -0.0210254
0.5075 -0.0206762
0.508 -0.0203245
0.5085 -0.0199705
0.509 -0.0196141
0.5095 -0.0192555
0.51 -0.0188947
0.5105 -0.0185316
0.511 -0.0181663
0.5115 -0.0177989
0.512 -0.0174294
0.5125 -0.0170577
0.513 -0.016684
0.5135 -0.0163083
0.514 -0.0159306
0.5145 -0.0155509
0.515 -0.0151693
0.5155 -0.0147858
0.516 -0.0144004
0.5165 -0.0140131
0.517 -0.013624
0.5175 -0.013233
0.518 -0.0128401
0.5185 -0.0124454
0.519 -0.0120489
0.5195 -0.0116507
0.52 -0.0112508
0.5205 -0.0108493
0.521 -0.0104461
0.5215 -0.0100414
0.522 -0.00963513
0.5225 -0.00922737
0.523 -0.00881812
0.5235 -0.00840745
0.524 -0.00799535
0.5245 -0.00758191
0.525 -0.0071671
0.5255 -0.00675101
0.526 -0.00633362
0.5265 -0.00591502
0.527 -0.00549518
0.5275 -0.00507419
0.528 -0.00465202
0.5285 -0.00422877
0.529 -0.00380436
0.5295 -0.00337874
0.53 -0.00295202
0.5305 -0.0025242
0.531 -0.00209536
0.5315 -0.00166554
0.532 -0.00123476
0.5325 -0.000803085
0.533 -0.000370527
0.5335 6.28506e-05
0.534 0.000497041
0.5345 0.000931975
0.535 0.00136766
0.5355 0.00180401
0.536 0.00224104
0.5365 0.00267867
0.537 0.00311692
0.5375 0.0035557
0.538 0.00399504
0.5385 0.00443484
0.539 0.00487513
0.5395 0.00531582
0.54 0.00575693
0.5405 0.00619839
0.541 0.00664026
0.5415 0.00708261
0.542 0.00752532
0.5425 0.00796837
0.543 0.00841169
0.5435 0.00885526
0.544 0.00929902
0.5445 0.00974294
0.545 0.010187
0.5455 0.0106311
0.546 0.0110753
0.5465 0.0115195
0.547 0.0119637
0.5475 0.0124078
0.548 0.0128518
0.5485 0.0132957
0.549 0.0137395
0.5495 0.0141831
0.55 0.0146265
0.5505 0.0150696
0.551 0.0155125
0.5515 0.015955
0.552 0.0163972
0.5525 0.016839
0.553 0.0172805
0.5535 0.0177218
0.554 0.0181627
0.5545 0.0186032
0.555 0.0190432
0.5555 0.0194828
0.556 0.0199219
0.5565 0.0203603
0.557 0.0207982
0.5575 0.0212355
0.558 0.021672
0.5585 0.0221079
0.559 0.022543
0.5595 0.0229774
0.56 0.023411
0.5605 0.0238437
0.561 0.0242756
0.5615 0.0247066
0.562 0.0251366
0.5625 0.0255658
0.563 0.0259939
0.5635 0.0264211
0.564 0.0268472
0.5645 0.0272722
0.565 0.0276963
0.5655 0.0281194
0.566 0.0285415
0.5665 0.0289625
0.567 0.0293823
0.5675 0.0298011
0.568 0.0302186
0.5685 0.0306349
0.569 0.0310498
0.5695 0.0314636
0.57 0.0318759
0.5705 0.0322869
0.571 0.0326965
0.5715 0.0331047
0.572 0.0335114
0.5725 0.0339167
0.573 0.0343204
0.5735 0.0347227
0.574 0.0351233
0.5745 0.0355224
0.575 0.0359198
0.5755 0.0363157
0.576 0.0367099
0.5765 0.0371024
0.577 0.0374932
0.5775 0.0378826
0.578 0.0382703
0.5785 0.0386563
0.579 0.0390405
0.5795 0.0394231
0.58 0.0398037
0.5805 0.0401827
0.581 0.0405596
0.5815 0.0409348
0.582 0.0413079
0.5825 0.0416793
0.583 0.0420485
0.5835 0.0424159
0.584 0.042781
0.5845 0.0431444
0.585 0.0435054
0.5855 0.0438646
0.586 0.0442215
0.5865 0.0445764
0.587 0.044929
0.5875 0.0452796
0.588 0.0456279
0.5885 0.0459741
0.589 0.046318
0.5895 0.04666
0.59 0.0469996
0.5905 0.0473373
0.591 0.0476725
0.5915 0.0480057
0.592 0.0483362
0.5925 0.0486648
0.593 0.0489907
0.5935 0.0493145
0.594 0.0496356
0.5945 0.0499547
0.595 0.0502709
0.5955 0.050585
0.596 0.0508963
0.5965 0.0512054
0.597 0.0515117
0.5975 0.0518158
0.598 0.052117
0.5985 0.0524159
0.599 0.0527119
0.5995 0.0530057
0.6 0.0532965
0.6005 0.053585
0.601 0.0538695
0.6015 0.0541479
0.602 0.0544215
0.6025 0.0546893
0.603 0.0549527
0.6035 0.0552106
0.604 0.0554645
0.6045 0.0557132
0.605 0.0559581
0.6055 0.0561982
0.606 0.0564346
0.6065 0.0566664
0.607 0.0568947
0.6075 0.0571186
0.608 0.0573391
0.6085 0.0575554
0.609 0.0577685
0.6095 0.0579774
0.61 0.0581832
0.6105 0.058385
0.611 0.0585838
0.6115 0.0587786
0.612 0.0589704
0.6125 0.0591584
0.613 0.0593436
0.6135 0.0595251
0.614 0.0597039
0.6145 0.059879
0.615 0.0600513
0.6155 0.0602201
0.616 0.0603859
0.6165 0.0605483
0.617 0.0607077
0.6175 0.0608637
0.618 0.0610167
0.6185 0.0611663
0.619 0.061313
0.6195 0.0614562
0.62 0.0615965
0.6205 0.0617334
0.621 0.0618674
0.6215 0.0619979
0.622 0.0621255
0.6225 0.0622497
0.623 0.062371
0.6235 0.0624889
0.624 0.0626038
0.6245 0.0627154
0.625 0.0628241
0.6255 0.0629296
0.626 0.0630323
0.6265 0.0631317
0.627 0.0632282
0.6275 0.0633214
0.628 0.0634117
0.6285 0.0634987
0.629 0.0635827
0.6295 0.0636634
0.63 0.0637411
0.6305 0.0638156
0.631 0.063887
0.6315 0.0639552
0.632 0.0640204
0.6325 0.0640823
0.633 0.0641411
0.6335 0.0641967
0.634 0.0642492
0.6345 0.0642985
0.635 0.0643447
0.6355 0.0643877
0.636 0.0644276
0.6365 0.0644643
0.637 0.0644979
0.6375 0.0645287
0.638 0.0645563
0.6385 0.064581
0.639 0.0646025
0.6395 0.064621
0.64 0.0646363
0.6405 0.0646487
0.641 0.0646579
0.6415 0.064664
0.642 0.064667
0.6425 0.064667
0.643 0.0646638
0.6435 0.0646575
0.644 0.0646481
0.6445 0.0646357
0.645 0.0646202
0.6455 0.0646016
0.646 0.0645799
0.6465 0.0645552
0.647 0.0645273
0.6475 0.0644965
0.648 0.0644625
0.6485 0.0644255
0.649 0.0643855
0.6495 0.0643427
0.65 0.0642969
0.6505 0.0642483
0.651 0.0641966
0.6515 0.0641421
0.652 0.0640844
0.6525 0.064024
0.653 0.0639605
0.6535 0.0638942
0.654 0.0638247
0.6545 0.0637525
0.655 0.0636772
0.6555 0.0635992
0.656 0.063518
0.6565 0.0634341
0.657 0.0633471
0.6575 0.0632574
0.658 0.0631647
0.6585 0.0630692
0.659 0.0629706
0.6595 0.0628694
0.66 0.0627652
0.6605 0.0626583
0.661 0.0625484
0.6615 0.0624361
0.662 0.0623209
0.6625 0.0622031
0.663 0.0620825
0.6635 0.0619593
0.664 0.0618333
0.6645 0.0617047
0.665 0.0615732
0.6655 0.0614392
0.666 0.0613024
0.6665 0.0611631
0.667 0.0610209
0.6675 0.0608762
0.668 0.0607287
0.6685 0.0605788
0.669 0.0604261
0.6695 0.0602709
0.67 0.0601129
0.6705 0.0599526
0.671 0.0597895
0.6715 0.059624
0.672 0.0594558
0.6725 0.0592852
0.673 0.0591121
0.6735 0.0589367
0.674 0.0587588
0.6745 0.0585787
0.675 0.058396
0.6755 0.0582111
0.676 0.0580238
0.6765 0.0578341
0.677 0.0576421
0.6775 0.0574477
0.678 0.057251
0.6785 0.057052
0.679 0.0568507
0.6795 0.0566471
0.68 0.0564412
0.6805 0.0562331
0.681 0.0560227
0.6815 0.0558102
0.682 0.0555953
0.6825 0.0553784
0.683 0.0551592
0.6835 0.0549379
0.684 0.0547144
0.6845 0.0544888
0.685 0.0542611
0.6855 0.0540315
0.686 0.0537999
0.6865 0.0535664
0.687 0.0533309
0.6875 0.0530934
0.688 0.052854
0.6885 0.0526127
0.689 0.0523695
0.6895 0.0521243
0.69 0.0518773
0.6905 0.0516284
0.691 0.0513776
0.6915 0.051125
0.692 0.0508706
0.6925 0.0506144
0.693 0.0503563
0.6935 0.0500966
0.694 0.049835
0.6945 0.0495717
0.695 0.0493068
0.6955 0.0490401
0.696 0.0487717
0.6965 0.0485017
0.697 0.0482302
0.6975 0.0479571
0.698 0.0476825
0.6985 0.0474064
0.699 0.0471289
0.6995 0.0468499
0.7 0.0465695
0.7005 0.0462875
0.701 0.0460042
0.7015 0.0457195
0.702 0.0454334
0.7025 0.0451459
0.703 0.0448571
0.7035 0.0445669
0.704 0.0442754
0.7045 0.0439826
0.705 0.0436885
0.7055 0.0433931
0.706 0.0430966
0.7065 0.0427988
0.707 0.0424998
0.7075 0.0421996
0.708 0.0418983
0.7085 0.0415958
0.709 0.0412923
0.7095 0.0409878
0.71 0.0406823
0.7105 0.0403758
0.711 0.0400684
0.7115 0.0397601
0.712 0.0394508
0.7125 0.0391406
0.713 0.0388296
0.7135 0.0385176
0.714 0.0382048
0.7145 0.0378911
0.715 0.0375767
0.7155 0.0372614
0.716 0.0369454
0.7165 0.0366285
0.717 0.036311
0.7175 0.0359927
0.718 0.0356738
0.7185 0.0353541
0.719 0.0350338
0.7195 0.0347129
0.72 0.0343914
0.7205 0.0340692
0.721 0.0337466
0.7215 0.0334234
0.722 0.0330999
0.7225 0.0327758
0.723 0.0324515
0.7235 0.0321267
0.724 0.0318015
0.7245 0.031476
0.725 0.0311501
0.7255 0.0308239
0.726 0.0304974
0.7265 0.0301705
0.727 0.0298435
0.7275 0.0295161
0.728 0.0291886
0.7285 0.0288608
0.729 0.0285328
0.7295 0.0282047
0.73 0.0278764
0.7305 0.0275479
0.731 0.0272194
0.7315 0.0268908
0.732 0.0265621
0.7325 0.0262333
0.733 0.0259046
0.7335 0.0255759
0.734 0.0252473
0.7345 0.0249189
0.735 0.0245906
0.7355 0.0242624
0.736 0.0239344
0.7365 0.0236065
0.737 0.0232789
0.7375 0.0229514
0.738 0.0226242
0.7385 0.0222972
0.739 0.0219706
0.7395 0.0216441
0.74 0.021318
0.7405 0.0209922
0.741 0.0206668
0.7415 0.0203416
0.742 0.0200169
0.7425 0.0196926
0.743 0.0193687
0.7435 0.0190452
0.744 0.0187222
0.7445 0.0183997
0.745 0.0180776
0.7455 0.0177562
0.746 0.0174354
0.7465 0.0171151
0.747 0.0167956
0.7475 0.0164767
0.748 0.0161585
0.7485 0.0158409
0.749 0.0155241
0.7495 0.015208
0.75 0.0148926
0.7505 0.014578
0.751 0.0142641
0.7515 0.013951
0.752 0.0136388
0.7525 0.0133273
0.753 0.0130167
0.7535 0.0127069
0.754 0.012398
0.7545 0.01209
0.755 0.0117829
0.7555 0.0114767
0.756 0.0111714
0.7565 0.0108672
0.757 0.0105639
0.7575 0.0102616
0.758 0.00996044
0.7585 0.00966037
0.759 0.00936141
0.7595 0.00906358
0.76 0.00876689
0.7605 0.00847135
0.761 0.00817697
0.7615 0.00788377
0.762 0.00759176
0.7625 0.00730096
0.763 0.00701137
0.7635 0.00672303
0.764 0.00643592
0.7645 0.00615009
0.765 0.00586552
0.7655 0.00558226
0.766 0.00530028
0.7665 0.00501965
0.767 0.00474034
0.7675 0.00446239
0.768 0.0041858
0.7685 0.00391061
0.769 0.0036368
0.7695 0.00336446
0.77 0.00309359
0.7705 0.00282424
0.771 0.0025564
0.7715 0.0022901
0.772 0.00202532
0.7725 0.00176211
0.773 0.00150044
0.7735 0.00124037
0.774 0.000981854
0.7745 0.000724955
0.775 0.000469635
0.7755 0.000215953
0.776 -3.61263e-05
0.7765 -0.000286544
0.777 -0.000535337
0.7775 -0.000782445
0.778 -0.00102791
0.7785 -0.00127166
0.779 -0.00151373
0.7795 -0.00175408
0.78 -0.00199273
0.7805 -0.00222962
0.781 -0.00246479
0.7815 -0.00269817
0.782 -0.00292974
0.7825 -0.00315945
0.783 -0.00338734
0.7835 -0.00361336
0.784 -0.00383753
0.7845 -0.00405981
0.785 -0.00428023
0.7855 -0.00449875
0.786 -0.00471539
0.7865 -0.00493012
0.787 -0.00514296
0.7875 -0.00535386
0.788 -0.00556286
0.7885 -0.00576991
0.789 -0.00597504
0.7895 -0.0061782
0.79 -0.00637943
0.7905 -0.00657868
0.791 -0.00677597
0.7915 -0.00697127
0.792 -0.00716459
0.7925 -0.0073559
0.793 -0.00754522
0.7935 -0.00773251
0.794 -0.00791774
0.7945 -0.00810088
0.795 -0.00828195
0.7955 -0.00846091
0.796 -0.00863778
0.7965 -0.00881254
0.797 -0.00898521
0.7975 -0.00915575
0.798 -0.00932419
0.7985 -0.0094905
0.799 -0.00965471
0.7995 -0.00981677
0.8 -0.00997672
0.8005 -0.0101345
0.801 -0.0102902
0.8015 -0.0104437
0.802 -0.0105951
0.8025 -0.0107443
0.803 -0.0108914
0.8035 -0.0110363
0.804 -0.0111791
0.8045 -0.0113197
0.805 -0.0114581
0.8055 -0.0115943
0.806 -0.0117283
0.8065 -0.0118601
0.807 -0.0119897
0.8075 -0.012117
0.808 -0.0122421
0.8085 -0.0123649
0.809 -0.0124855
0.8095 -0.0126038
0.81 -0.01272
0.8105 -0.0128338
0.811 -0.0129455
0.8115 -0.0130549
0.812 -0.013162
0.8125 -0.0132669
0.813 -0.0133696
0.8135 -0.01347
0.814 -0.0135682
0.8145 -0.0136641
0.815 -0.0137578
0.8155 -0.0138493
0.816 -0.0139385
0.8165 -0.0140255
0.817 -0.0141102
0.8175 -0.0141927
0.818 -0.0142729
0.8185 -0.0143508
0.819 -0.0144264
0.8195 -0.0144998
0.82 -0.0145709
0.8205 -0.0146397
0.821 -0.0147062
0.8215 -0.0147704
0.822 -0.0148324
0.8225 -0.0148921
0.823 -0.0149495
0.8235 -0.0150047
0.824 -0.0150576
0.8245 -0.0151082
0.825 -0.0151566
0.8255 -0.0152028
0.826 -0.0152467
0.8265 -0.0152884
0.827 -0.0153278
0.8275 -0.015365
0.828 -0.0154
0.8285 -0.0154328
0.829 -0.0154633
0.8295 -0.0154916
0.83 -0.0155177
0.8305 -0.0155416
0.831 -0.0155632
0.8315 -0.0155825
0.832 -0.0155997
0.8325 -0.0156146
0.833 -0.0156272
0.8335 -0.0156377
0.834 -0.015646
0.8345 -0.015652
0.835 -0.0156559
0.8355 -0.0156575
0.836 -0.015657
0.8365 -0.0156543
0.837 -0.0156495
0.8375 -0.0156424
0.838 -0.0156333
0.8385 -0.015622
0.839 -0.0156085
0.8395 -0.0155929
0.84 -0.0155752
0.8405 -0.0155554
0.841 -0.0155334
0.8415 -0.0155094
0.842 -0.0154833
0.8425 -0.0154551
0.843 -0.0154247
0.8435 -0.0153923
0.844 -0.0153577
0.8445 -0.015321
0.845 -0.0152823
0.8455 -0.0152415
0.846 -0.0151987
0.8465 -0.0151538
0.847 -0.0151068
0.8475 -0.0150578
0.848 -0.0150068
0.8485 -0.0149538
0.849 -0.0148988
0.8495 -0.0148418
0.85 -0.0147829
0.8505 -0.0147219
0.851 -0.014659
0.8515 -0.0145942
0.852 -0.0145274
0.8525 -0.0144587
0.853 -0.0143881
0.8535 -0.0143156
0.854 -0.0142412
0.8545 -0.0141649
0.855 -0.0140867
0.8555 -0.0140066
0.856 -0.0139246
0.8565 -0.0138407
0.857 -0.013755
0.8575 -0.0136675
0.858 -0.0135781
0.8585 -0.0134869
0.859 -0.0133938
0.8595 -0.013299
0.86 -0.0132024
0.8605 -0.0131041
0.861 -0.0130039
0.8615 -0.0129021
0.862 -0.0127985
0.8625 -0.0126932
0.863 -0.0125862
0.8635 -0.0124775
0.864 -0.0123671
0.8645 -0.012255
0.865 -0.0121413
0.8655 -0.012026
0.866 -0.0119091
0.8665 -0.0117905
0.867 -0.0116704
0.8675 -0.0115486
0.868 -0.0114252
0.8685 -0.0113002
0.869 -0.0111737
0.8695 -0.0110456
0.87 -0.0109159
0.8705 -0.0107848
0.871 -0.0106521
0.8715 -0.0105179
0.872 -0.0103822
0.8725 -0.0102451
0.873 -0.0101065
0.8735 -0.00996651
0.874 -0.00982508
0.8745 -0.00968224
0.875 -0.00953801
0.8755 -0.00939241
0.876 -0.00924545
0.8765 -0.00909714
0.877 -0.00894751
0.8775 -0.00879658
0.878 -0.00864436
0.8785 -0.00849084
0.879 -0.00833604
0.8795 -0.00817996
0.88 -0.00802262
0.8805 -0.00786404
0.881 -0.00770423
0.8815 -0.0075432
0.882 -0.00738097
0.8825 -0.00721756
0.883 -0.00705298
0.8835 -0.00688725
0.884 -0.00672039
0.8845 -0.00655241
0.885 -0.00638333
0.8855 -0.00621317
0.886 -0.00604195
0.8865 -0.00586967
0.887 -0.00569636
0.8875 -0.00552204
0.888 -0.00534671
0.8885 -0.00517041
0.889 -0.00499314
0.8895 -0.00481494
0.89 -0.00463582
0.8905 -0.00445577
0.891 -0.00427481
0.8915 -0.00409295
0.892 -0.0039102
0.8925 -0.00372659
0.893 -0.00354211
0.8935 -0.0033568
0.894 -0.00317067
0.8945 -0.00298373
0.895 -0.00279601
0.8955 -0.00260752
0.896 -0.00241827
0.8965 -0.00222829
0.897 -0.00203759
0.8975 -0.00184619
0.898 -0.00165411
0.8985 -0.00146136
0.899 -0.00126796
0.8995 -0.00107393
0.9 -0.000879298
0.9005 -0.000684065
0.901 -0.000488259
0.9015 -0.000291905
0.902 -9.50242e-05
0.9025 0.00010239
0.903 0.000300316
0.9035 0.000498751
0.904 0.000697674
0.9045 0.000897075
0.905 0.00109693
0.9055 0.00129724
0.906 0.00149796
0.9065 0.0016991
0.907 0.00190063
0.9075 0.00210253
0.908 0.00230479
0.9085 0.0025074
0.909 0.00271032
0.9095 0.00291354
0.91 0.00311705
0.9105 0.00332084
0.911 0.00352487
0.9115 0.00372914
0.912 0.00393362
0.9125 0.0041383
0.913 0.00434316
0.9135 0.00454817
0.914 0.00475331
0.9145 0.00495858
0.915 0.00516397
0.9155 0.00536946
0.916 0.00557505
0.9165 0.00578071
0.917 0.00598643
0.9175 0.00619219
0.918 0.00639799
0.9185 0.0066038
0.919 0.0068096
0.9195 0.00701539
0.92 0.00722113
0.9205 0.00742683
0.921 0.00763245
0.9215 0.00783798
0.922 0.00804341
0.9225 0.00824872
0.923 0.00845388
0.9235 0.00865889
0.924 0.00886373
0.9245 0.00906838
0.925 0.00927281
0.9255 0.00947701
0.926 0.00968096
0.9265 0.00988464
0.927 0.0100881
0.9275 0.0102912
0.928 0.010494
0.9285 0.0106965
0.929 0.0108987
0.9295 0.0111006
0.93 0.0113021
0.9305 0.0115033
0.931 0.011704
0.9315 0.0119044
0.932 0.0121043
0.9325 0.0123038
0.933 0.0125029
0.9335 0.0127015
0.934 0.0128996
0.9345 0.0130973
0.935 0.0132944
0.9355 0.013491
0.936 0.0136871
0.9365 0.0138826
0.937 0.0140775
0.9375 0.0142718
0.938 0.0144656
0.9385 0.0146587
0.939 0.0148511
0.9395 0.0150429
0.94 0.0152341
0.9405 0.0154246
0.941 0.0156144
0.9415 0.0158035
0.942 0.0159919
0.9425 0.0161796
0.943 0.0163666
0.9435 0.0165528
0.944 0.0167383
0.9445 0.0169229
0.945 0.0171068
0.9455 0.0172899
0.946 0.0174722
0.9465 0.0176537
0.947 0.0178343
0.9475 0.018014
0.948 0.0181929
0.9485 0.0183709
0.949 0.018548
0.9495 0.0187242
0.95 0.0188994
0.9505 0.0190737
0.951 0.0192471
0.9515 0.0194194
0.952 0.0195908
0.9525 0.0197612
0.953 0.0199306
0.9535 0.020099
0.954 0.0202664
0.9545 0.0204328
0.955 0.0205981
0.9555 0.0207624
0.956 0.0209256
0.9565 0.0210878
0.957 0.0212489
0.9575 0.0214088
0.958 0.0215677
0.9585 0.0217255
0.959 0.0218821
0.9595 0.0220376
0.96 0.0221919
0.9605 0.0223451
0.961 0.022497
0.9615 0.0226478
0.962 0.0227974
0.9625 0.0229458
0.963 0.0230929
0.9635 0.0232388
0.964 0.0233834
0.9645 0.0235269
0.965 0.023669
0.9655 0.0238099
0.966 0.0239495
0.9665 0.0240879
0.967 0.0242249
0.9675 0.0243607
0.968 0.0244951
0.9685 0.0246282
0.969 0.0247601
0.9695 0.0248905
0.97 0.0250197
0.9705 0.0251475
0.971 0.0252739
0.9715 0.025399
0.972 0.0255227
0.9725 0.025645
0.973 0.0257659
0.9735 0.0258854
0.974 0.0260034
0.9745 0.0261201
0.975 0.0262353
0.9755 0.026349
0.976 0.0264614
0.9765 0.0265722
0.977 0.0266816
0.9775 0.0267896
0.978 0.026896
0.9785 0.0270011
0.979 0.0271046
0.9795 0.0272066
0.98 0.0273072
0.9805 0.0274063
0.981 0.0275039
0.9815 0.0275999
0.982 0.0276945
0.9825 0.0277875
0.983 0.0278791
0.9835 0.027969
0.984 0.0280575
0.9845 0.0281444
0.985 0.0282298
0.9855 0.0283136
0.986 0.0283958
0.9865 0.0284764
0.987 0.0285555
0.9875 0.028633
0.988 0.0287089
0.9885 0.0287832
0.989 0.0288559
0.9895 0.0289271
0.99 0.0289966
0.9905 0.0290645
0.991 0.0291309
0.9915 0.0291957
0.992 0.0292588
0.9925 0.0293204
0.993 0.0293803
0.9935 0.0294386
0.994 0.0294953
0.9945 0.0295504
0.995 0.0296039
0.9955 0.0296558
0.996 0.029706
0.9965 0.0297546
0.997 0.0298016
0.9975 0.0298469
0.998 0.0298906
0.9985 0.0299326
0.999 0.029973
0.9995 0.0300117
1 0.0300487
1.0005 0.0300841
1.001 0.0301179
1.0015 0.03015
1.002 0.0301804
1.0025 0.0302092
1.003 0.0302364
1.0035 0.0302619
1.004 0.0302857
1.0045 0.030308
1.005 0.0303285
1.0055 0.0303475
1.006 0.0303647
1.0065 0.0303804
1.007 0.0303944
1.0075 0.0304067
1.008 0.0304174
1.0085 0.0304264
1.009 0.0304338
1.0095 0.0304396
1.01 0.0304437
1.0105 0.0304461
1.011 0.0304469
1.0115 0.030446
1.012 0.0304434
1.0125 0.0304392
1.013 0.0304334
1.0135 0.0304259
1.014 0.0304168
1.0145 0.030406
1.015 0.0303936
1.0155 0.0303796
1.016 0.030364
1.0165 0.0303467
1.017 0.0303279
1.0175 0.0303074
1.018 0.0302853
1.0185 0.0302616
1.019 0.0302363
1.0195 0.0302094
1.02 0.0301809
1.0205 0.0301508
1.021 0.0301191
1.0215 0.0300858
1.022 0.0300509
1.0225 0.0300144
1.023 0.0299763
1.0235 0.0299366
1.024 0.0298954
1.0245 0.0298525
1.025 0.0298081
1.0255 0.0297621
1.026 0.0297146
1.0265 0.0296655
1.027 0.0296148
1.0275 0.0295626
1.028 0.0295089
1.0285 0.0294537
1.029 0.0293969
1.0295 0.0293386
1.03 0.0292788
1.0305 0.0292175
1.031 0.0291547
1.0315 0.0290904
1.032 0.0290247
1.0325 0.0289574
1.033 0.0288886
1.0335 0.0288184
1.034 0.0287467
1.0345 0.0286735
1.035 0.0285989
1.0355 0.0285227
1.036 0.0284452
1.0365 0.0283661
1.037 0.0282857
1.0375 0.0282038
1.038 0.0281204
1.0385 0.0280357
1.039 0.0279496
1.0395 0.0278621
1.04 0.0277731
1.0405 0.0276829
1.041 0.0275912
1.0415 0.0274982
1.042 0.0274038
1.0425 0.0273081
1.043 0.027211
1.0435 0.0271127
1.044 0.0270129
1.0445 0.0269119
1.045 0.0268096
1.0455 0.0267059
1.046 0.026601
1.0465 0.0264948
1.047 0.0263872
1.0475 0.0262784
1.048 0.0261683
1.0485 0.0260569
1.049 0.0259443
1.0495 0.0258305
1.05 0.0257154
1.0505 0.0255991
1.051 0.0254816
1.0515 0.0253628
1.052 0.025243
1.0525 0.0251219
1.053 0.0249996
1.0535 0.0248762
1.054 0.0247517
1.0545 0.024626
1.055 0.0244992
1.0555 0.0243713
1.056 0.0242422
1.0565 0.0241121
1.057 0.0239808
1.0575 0.0238485
1.058 0.0237151
1.0585 0.0235806
1.059 0.0234451
1.0595 0.0233085
1.06 0.0231708
1.0605 0.0230321
1.061 0.0228924
1.0615 0.0227517
1.062 0.02261
1.0625 0.0224673
1.063 0.0223236
1.0635 0.0221789
1.064 0.0220334
1.0645 0.0218868
1.065 0.0217394
1.0655 0.021591
1.066 0.0214417
1.0665 0.0212916
1.067 0.0211405
1.0675 0.0209886
1.068 0.0208359
1.0685 0.0206822
1.069 0.0205278
1.0695 0.0203725
1.07 0.0202164
1.0705 0.0200594
1.071 0.0199017
1.0715 0.0197431
1.072 0.0195838
1.0725 0.0194237
1.073 0.0192628
1.0735 0.0191012
1.074 0.0189388
1.0745 0.0187758
1.075 0.018612
1.0755 0.0184475
1.076 0.0182823
1.0765 0.0181165
1.077 0.01795
1.0775 0.0177829
1.078 0.0176152
1.0785 0.0174468
1.079 0.0172778
1.0795 0.0171082
1.08 0.0169381
1.0805 0.0167673
1.081 0.016596
1.0815 0.0164242
1.082 0.0162518
1.0825 0.0160789
1.083 0.0159054
1.0835 0.0157314
1.084 0.0155569
1.0845 0.0153819
1.085 0.0152064
1.0855 0.0150305
1.086 0.0148541
1.0865 0.0146773
1.087 0.0145001
1.0875 0.0143224
1.088 0.0141444
1.0885 0.0139659
1.089 0.0137871
1.0895 0.013608
1.09 0.0134285
1.0905 0.0132486
1.091 0.0130685
1.0915 0.012888
1.092 0.0127073
1.0925 0.0125262
1.093 0.0123449
1.0935 0.0121633
1.094 0.0119815
1.0945 0.0117994
1.095 0.0116171
1.0955 0.0114345
1.096 0.0112517
1.0965 0.0110687
1.097 0.0108856
1.0975 0.0107022
1.098 0.0105187
1.0985 0.0103351
1.099 0.0101513
1.0995 0.00996738
1.1 0.00978337
1.1005 0.00959927
1.101 0.00941508
1.1015 0.00923083
1.102 0.00904653
1.1025 0.00886218
1.103 0.00867779
1.1035 0.00849339
1.104 0.00830898
1.1045 0.00812457
1.105 0.00794018
1.1055 0.00775581
1.106 0.00757148
1.1065 0.00738718
1.107 0.00720293
1.1075 0.00701874
1.108 0.00683462
1.1085 0.00665059
1.109 0.00646664
1.1095 0.00628281
1.11 0.00609911
1.1105 0.00591554
1.111 0.00573212
1.1115 0.00554887
1.112 0.00536579
1.1125 0.0051829
1.113 0.00500022
1.1135 0.00481774
1.114 0.00463549
1.1145 0.00445348
1.115 0.00427171
1.1155 0.0040902
1.116 0.00390896
1.1165 0.003728
1.117 0.00354733
1.1175 0.00336696
1.118 0.0031869
1.1185 0.00300716
1.119 0.00282773
1.1195 0.00264864
1.12 0.00246989
1.1205 0.00229149
1.121 0.00211346
1.1215 0.00193582
1.122 0.00175856
1.1225 0.00158171
1.123 0.00140528
1.1235 0.00122927
1.124 0.00105371
1.1245 0.000878598
1.125 0.000703949
1.1255 0.000529773
1.126 0.000356082
1.1265 0.000182885
1.127 1.01928e-05
1.1275 -0.000161985
1.128 -0.000333638
1.1285 -0.000504757
1.129 -0.000675332
1.1295 -0.000845353
1.13 -0.00101481
1.1305 -0.00118371
1.131 -0.00135203
1.1315 -0.00151977
1.132 -0.00168692
1.1325 -0.00185347
1.133 -0.00201941
1.1335 -0.00218473
1.134 -0.00234941
1.1345 -0.00251345
1.135 -0.00267683
1.1355 -0.00283954
1.136 -0.00300158
1.1365 -0.00316293
1.137 -0.00332359
1.1375 -0.00348354
1.138 -0.00364278
1.1385 -0.00380129
1.139 -0.00395908
1.1395 -0.00411612
1.14 -0.00427241
1.1405 -0.00442795
1.141 -0.00458272
1.1415 -0.00473672
1.142 -0.00488994
1.1425 -0.00504237
1.143 -0.00519402
1.1435 -0.00534487
1.144 -0.00549492
1.1445 -0.00564415
1.145 -0.00579256
1.1455 -0.00594014
1.146 -0.00608688
1.1465 -0.00623277
1.147 -0.0063778
1.1475 -0.00652197
1.148 -0.00666526
1.1485 -0.00680767
1.149 -0.00694918
1.1495 -0.0070898
1.15 -0.00722951
1.1505 -0.00736831
1.151 -0.00750619
1.1515 -0.00764314
1.152 -0.00777916
1.1525 -0.00791424
1.153 -0.00804837
1.1535 -0.00818155
1.154 -0.00831377
1.1545 -0.00844503
1.155 -0.00857532
1.1555 -0.00870464
1.156 -0.00883299
1.1565 -0.00896036
1.157 -0.00908673
1.1575 -0.00921211
1.158 -0.00933648
1.1585 -0.00945985
1.159 -0.00958219
1.1595 -0.00970351
1.16 -0.0098238
1.1605 -0.00994305
1.161 -0.0100613
1.1615 -0.0101784
1.162 -0.0102945
1.1625 -0.0104096
1.163 -0.0105236
1.1635 -0.0106365
1.164 -0.0107483
1.1645 -0.0108591
1.165 -0.0109688
1.1655 -0.0110774
1.166 -0.0111849
1.1665 -0.0112913
1.167 -0.0113966
1.1675 -0.0115009
1.168 -0.011604
1.1685 -0.011706
1.169 -0.0118069
1.1695 -0.0119067
1.17 -0.0120054
1.1705 -0.0121029
1.171 -0.0121993
1.1715 -0.0122946
1.172 -0.0123887
1.1725 -0.0124817
1.173 -0.0125736
1.1735 -0.0126643
1.174 -0.0127538
1.1745 -0.0128422
1.175 -0.0129295
1.1755 -0.0130155
1.176 -0.0131005
1.1765 -0.0131842
1.177 -0.0132668
1.1775 -0.0133482
1.178 -0.0134284
1.1785 -0.0135075
1.179 -0.0135854
1.1795 -0.0136621
1.18 -0.0137376
1.1805 -0.013812
1.181 -0.0138851
1.1815 -0.0139571
1.182 -0.0140279
1.1825 -0.0140975
1.183 -0.014166
1.1835 -0.0142332
1.184 -0.0142992
1.1845 -0.014364
1.185 -0.0144277
1.1855 -0.0144901
1.186 -0.0145513
1.1865 -0.0146114
1.187 -0.0146702
1.1875 -0.0147278
1.188 -0.0147843
1.1885 -0.0148395
1.189 -0.0148935
1.1895 -0.0149463
1.19 -0.0149979
1.1905 -0.0150483
1.191 -0.0150975
1.1915 -0.0151455
1.192 -0.0151923
1.1925 -0.0152379
1.193 -0.0152823
1.1935 -0.0153255
1.194 -0.0153675
1.1945 -0.0154083
1.195 -0.0154478
1.1955 -0.0154862
1.196 -0.0155234
1.1965 -0.0155594
1.197 -0.0155942
1.1975 -0.0156277
1.198 -0.0156601
1.1985 -0.0156913
1.199 -0.0157213
1.1995 -0.0157501
1.2 -0.0157777
1.2005 -0.015805
