0.000 0.0000
0.020 0.0368
0.040 0.0705
0.060 0.0989
0.080 0.1204
0.100 0.1340
0.120 0.1388
0.140 0.1349
0.160 0.1227
0.180 0.1032
0.200 0.0778
0.220 0.0481
0.240 0.0162
0.260 -0.0160
0.280 -0.0463
0.300 -0.0730
0.320 -0.0945
0.340 -0.1096
0.360 -0.1175
0.380 -0.1179
0.400 -0.1110
0.420 -0.0973
0.440 -0.0779
0.460 -0.0541
0.480 -0.0276
0.500 -0.0000
0.520 0.0269
0.540 0.0515
0.560 0.0722
0.580 0.0880
0.600 0.0979
0.620 0.1014
0.640 0.0986
0.660 0.0897
0.680 0.0754
0.700 0.0568
0.720 0.0351
0.740 0.0118
0.760 -0.0117
0.780 -0.0338
0.800 -0.0533
0.820 -0.0690
0.840 -0.0801
0.860 -0.0858
0.880 -0.0861
0.900 -0.0810
0.920 -0.0710
0.940 -0.0569
0.960 -0.0395
0.980 -0.0202
1.000 -0.0000
1.020 0.0197
1.040 0.0376
1.060 0.0528
1.080 0.0643
1.100 0.0715
1.120 0.0741
1.140 0.0720
1.160 0.0655
1.180 0.0551
1.200 0.0415
1.220 0.0257
1.240 0.0086
1.260 -0.0085
1.280 -0.0247
1.300 -0.0390
1.320 -0.0504
1.340 -0.0585
1.360 -0.0627
1.380 -0.0629
1.400 -0.0592
1.420 -0.0519
1.440 -0.0415
1.460 -0.0289
1.480 -0.0147
1.500 -0.0000
1.520 0.0144
1.540 0.0275
1.560 0.0385
1.580 0.0469
1.600 0.0522
1.620 0.0541
1.640 0.0526
1.660 0.0478
1.680 0.0402
1.700 0.0303
1.720 0.0187
1.740 0.0063
1.760 -0.0062
1.780 -0.0180
1.800 -0.0285
1.820 -0.0368
1.840 -0.0427
1.860 -0.0458
1.880 -0.0459
1.900 -0.0432
1.920 -0.0379
1.940 -0.0303
1.960 -0.0211
1.980 -0.0108
2.000 -0.0000
2.020 0.0105
2.040 0.0201
2.060 0.0281
2.080 0.0343
2.100 0.0381
2.120 0.0395
2.140 0.0384
2.160 0.0349
2.180 0.0294
2.200 0.0221
2.220 0.0137
2.240 0.0046
2.260 -0.0045
2.280 -0.0132
2.300 -0.0208
2.320 -0.0269
2.340 -0.0312
2.360 -0.0334
2.380 -0.0336
2.400 -0.0316
2.420 -0.0277
2.440 -0.0222
2.460 -0.0154
2.480 -0.0079
2.500 -0.0000
2.520 0.0077
2.540 0.0146
2.560 0.0206
2.580 0.0250
2.600 0.0278
2.620 0.0289
2.640 0.0281
2.660 0.0255
2.680 0.0215
2.700 0.0162
2.720 0.0100
2.740 0.0034
2.760 -0.0033
2.780 -0.0096
2.800 -0.0152
2.820 -0.0197
2.840 -0.0228
2.860 -0.0244
2.880 -0.0245
2.900 -0.0231
2.920 -0.0202
2.940 -0.0162
2.960 -0.0113
2.980 -0.0057
3.000 -0.0000
3.020 0.0056
3.040 0.0107
3.060 0.0150
3.080 0.0183
3.100 0.0203
3.120 0.0211
3.140 0.0205
3.160 0.0186
3.180 0.0157
3.200 0.0118
3.220 0.0073
3.240 0.0025
3.260 -0.0024
3.280 -0.0070
3.300 -0.0111
3.320 -0.0144
3.340 -0.0166
3.360 -0.0178
3.380 -0.0179
3.400 -0.0168
3.420 -0.0148
3.440 -0.0118
3.460 -0.0082
3.480 -0.0042
3.500 -0.0000
3.520 0.0041
3.540 0.0078
3.560 0.0110
3.580 0.0134
3.600 0.0149
3.620 0.0154
3.640 0.0150
3.660 0.0136
3.680 0.0114
3.700 0.0086
3.720 0.0053
3.740 0.0018
3.760 -0.0018
3.780 -0.0051
3.800 -0.0081
3.820 -0.0105
3.840 -0.0122
3.860 -0.0130
3.880 -0.0131
3.900 -0.0123
3.920 -0.0108
3.940 -0.0086
3.960 -0.0060
3.980 -0.0031
4.000 -0.0000
4.020 0.0030
4.040 0.0057
4.060 0.0080
4.080 0.0098
4.100 0.0109
4.120 0.0112
4.140 0.0109
4.160 0.0099
4.180 0.0084
4.200 0.0063
4.220 0.0039
4.240 0.0013
4.260 -0.0013
4.280 -0.0038
4.300 -0.0059
4.320 -0.0077
4.340 -0.0089
4.360 -0.0095
4.380 -0.0096
4.400 -0.0090
4.420 -0.0079
4.440 -0.0063
4.460 -0.0044
4.480 -0.0022
4.500 -0.0000
4.520 0.0022
4.540 0.0042
4.560 0.0059
4.580 0.0071
4.600 0.0079
4.620 0.0082
4.640 0.0080
4.660 0.0073
4.680 0.0061
4.700 0.0046
4.720 0.0028
4.740 0.0010
4.760 -0.0009
4.780 -0.0027
4.800 -0.0043
4.820 -0.0056
4.840 -0.0065
4.860 -0.0070
4.880 -0.0070
4.900 -0.0066
4.920 -0.0058
4.940 -0.0046
4.960 -0.0032
4.980 -0.0016
5.000 -0.0000
5.020 0.0016
5.040 0.0030
5.060 0.0043
5.080 0.0052
5.100 0.0058
5.120 0.0060
5.140 0.0058
5.160 0.0053
5.180 0.0045
5.200 0.0034
5.220 0.0021
5.240 0.0007
5.260 -0.0007
5.280 -0.0020
5.300 -0.0032
5.320 -0.0041
5.340 -0.0047
5.360 -0.0051
5.380 -0.0051
5.400 -0.0048
5.420 -0.0042
5.440 -0.0034
5.460 -0.0023
5.480 -0.0012
5.500 -0.0000
5.520 0.0012
5.540 0.0022
5.560 0.0031
5.580 0.0038
5.600 0.0042
5.620 0.0044
5.640 0.0043
5.660 0.0039
5.680 0.0033
5.700 0.0025
5.720 0.0015
5.740 0.0005
5.760 -0.0005
5.780 -0.0015
5.800 -0.0023
5.820 -0.0030
5.840 -0.0035
5.860 -0.0037
5.880 -0.0037
5.900 -0.0035
5.920 -0.0031
5.940 -0.0025
5.960 -0.0017
5.980 -0.0009
6.000 -0.0000
6.020 0.0008
6.040 0.0016
6.060 0.0023
6.080 0.0028
6.100 0.0031
6.120 0.0032
6.140 0.0031
6.160 0.0028
6.180 0.0024
6.200 0.0018
6.220 0.0011
6.240 0.0004
6.260 -0.0004
6.280 -0.0011
6.300 -0.0017
6.320 -0.0022
6.340 -0.0025
6.360 -0.0027
6.380 -0.0027
6.400 -0.0026
6.420 -0.0022
6.440 -0.0018
6.460 -0.0012
6.480 -0.0006
6.500 0.0000
6.520 0.0006
6.540 0.0012
6.560 0.0017
6.580 0.0020
6.600 0.0023
6.620 0.0023
6.640 0.0023
6.660 0.0021
6.680 0.0017
6.700 0.0013
6.720 0.0008
6.740 0.0003
6.760 -0.0003
6.780 -0.0008
6.800 -0.0012
6.820 -0.0016
6.840 -0.0018
6.860 -0.0020
6.880 -0.0020
6.900 -0.0019
6.920 -0.0016
6.940 -0.0013
6.960 -0.0009
6.980 -0.0005
7.000 -0.0000
7.020 0.0005
7.040 0.0009
7.060 0.0012
7.080 0.0015
7.100 0.0016
7.120 0.0017
7.140 0.0017
7.160 0.0015
7.180 0.0013
7.200 0.0010
7.220 0.0006
7.240 0.0002
7.260 -0.0002
7.280 -0.0006
7.300 -0.0009
7.320 -0.0012
7.340 -0.0013
7.360 -0.0014
7.380 -0.0015
7.400 -0.0014
7.420 -0.0012
7.440 -0.0010
7.460 -0.0007
7.480 -0.0003
7.500 -0.0000
7.520 0.0003
7.540 0.0006
7.560 0.0009
7.580 0.0011
7.600 0.0012
7.620 0.0012
7.640 0.0012
7.660 0.0011
7.680 0.0009
7.700 0.0007
7.720 0.0004
7.740 0.0001
7.760 -0.0001
7.780 -0.0004
7.800 -0.0007
7.820 -0.0008
7.840 -0.0010
7.860 -0.0011
7.880 -0.0011
7.900 -0.0010
7.920 -0.0009
7.940 -0.0007
7.960 -0.0005
7.980 -0.0002
8.000 -0.0000
8.020 0.0002
8.040 0.0005
8.060 0.0006
8.080 0.0008
8.100 0.0009
8.120 0.0009
8.140 0.0009
8.160 0.0008
8.180 0.0007
8.200 0.0005
8.220 0.0003
8.240 0.0001
8.260 -0.0001
8.280 -0.0003
8.300 -0.0005
8.320 -0.0006
8.340 -0.0007
8.360 -0.0008
8.380 -0.0008
8.400 -0.0007
8.420 -0.0006
8.440 -0.0005
8.460 -0.0004
8.480 -0.0002
8.500 0.0000
8.520 0.0002
8.540 0.0003
8.560 0.0005
8.580 0.0006
8.600 0.0006
8.620 0.0007
8.640 0.0006
8.660 0.0006
8.680 0.0005
8.700 0.0004
8.720 0.0002
8.740 0.0001
8.760 -0.0001
8.780 -0.0002
8.800 -0.0003
8.820 -0.0005
8.840 -0.0005
8.860 -0.0006
8.880 -0.0006
8.900 -0.0005
8.920 -0.0005
8.940 -0.0004
8.960 -0.0003
8.980 -0.0001
9.000 -0.0000
9.020 0.0001
9.040 0.0002
9.060 0.0003
9.080 0.0004
9.100 0.0005
9.120 0.0005
9.140 0.0005
9.160 0.0004
9.180 0.0004
9.200 0.0003
9.220 0.0002
9.240 0.0001
9.260 -0.0001
9.280 -0.0002
9.300 -0.0003
9.320 -0.0003
9.340 -0.0004
9.360 -0.0004
9.380 -0.0004
9.400 -0.0004
9.420 -0.0003
9.440 -0.0003
9.460 -0.0002
9.480 -0.0001
9.500 -0.0000
9.520 0.0001
9.540 0.0002
9.560 0.0003
9.580 0.0003
9.600 0.0003
9.620 0.0004
9.640 0.0003
9.660 0.0003
9.680 0.0003
9.700 0.0002
9.720 0.0001
9.740 0.0000
9.760 -0.0000
9.780 -0.0001
9.800 -0.0002
9.820 -0.0002
9.840 -0.0003
9.860 -0.0003
9.880 -0.0003
9.900 -0.0003
9.920 -0.0002
9.940 -0.0002
9.960 -0.0001
9.980 -0.0001
10.000 -0.0000
10.020 0.0001
10.040 0.0001
10.060 0.0002
10.080 0.0002
10.100 0.0003
10.120 0.0003
10.140 0.0003
10.160 0.0002
10.180 0.0002
10.200 0.0001
10.220 0.0001
10.240 0.0000
10.260 -0.0000
10.280 -0.0001
10.300 -0.0001
10.320 -0.0002
10.340 -0.0002
10.360 -0.0002
10.380 -0.0002
10.400 -0.0002
10.420 -0.0002
10.440 -0.0001
10.460 -0.0001
10.480 -0.0001
10.500 0.0000
10.520 0.0001
10.540 0.0001
10.560 0.0001
10.580 0.0002
10.600 0.0002
10.620 0.0002
10.640 0.0002
10.660 0.0002
10.680 0.0001
10.700 0.0001
10.720 0.0001
10.740 0.0000
10.760 -0.0000
10.780 -0.0001
10.800 -0.0001
10.820 -0.0001
10.840 -0.0001
10.860 -0.0002
10.880 -0.0002
10.900 -0.0002
10.920 -0.0001
10.940 -0.0001
10.960 -0.0001
10.980 -0.0000
11.000 -0.0000
11.020 0.0000
11.040 0.0001
11.060 0.0001
11.080 0.0001
11.100 0.0001
11.120 0.0001
11.140 0.0001
11.160 0.0001
11.180 0.0001
11.200 0.0001
11.220 0.0000
11.240 0.0000
11.260 -0.0000
11.280 -0.0000
11.300 -0.0001
11.320 -0.0001
11.340 -0.0001
11.360 -0.0001
11.380 -0.0001
11.400 -0.0001
11.420 -0.0001
11.440 -0.0001
11.460 -0.0001
11.480 -0.0000
11.500 -0.0000
11.520 0.0000
11.540 0.0001
11.560 0.0001
11.580 0.0001
11.600 0.0001
11.620 0.0001
11.640 0.0001
11.660 0.0001
11.680 0.0001
11.700 0.0001
11.720 0.0000
11.740 0.0000
11.760 -0.0000
11.780 -0.0000
11.800 -0.0001
11.820 -0.0001
11.840 -0.0001
11.860 -0.0001
11.880 -0.0001
11.900 -0.0001
11.920 -0.0001
11.940 -0.0001
11.960 -0.0000
11.980 -0.0000
12.000 -0.0000
12.020 0.0000
12.040 0.0000
12.060 0.0001
12.080 0.0001
12.100 0.0001
12.120 0.0001
12.140 0.0001
12.160 0.0001
12.180 0.0001
12.200 0.0000
12.220 0.0000
12.240 0.0000
12.260 -0.0000
12.280 -0.0000
12.300 -0.0000
12.320 -0.0001
12.340 -0.0001
12.360 -0.0001
12.380 -0.0001
12.400 -0.0001
12.420 -0.0001
12.440 -0.0000
12.460 -0.0000
12.480 -0.0000
12.500 0.0000
12.520 0.0000
12.540 0.0000
12.560 0.0000
12.580 0.0000
12.600 0.0001
12.620 0.0001
12.640 0.0001
12.660 0.0000
12.680 0.0000
12.700 0.0000
12.720 0.0000
12.740 0.0000
12.760 -0.0000
12.780 -0.0000
12.800 -0.0000
12.820 -0.0000
12.840 -0.0000
12.860 -0.0000
12.880 -0.0000
12.900 -0.0000
12.920 -0.0000
12.940 -0.0000
12.960 -0.0000
12.980 -0.0000
13.000 0.0000
13.020 0.0000
13.040 0.0000
13.060 0.0000
13.080 0.0000
13.100 0.0000
13.120 0.0000
13.140 0.0000
13.160 0.0000
13.180 0.0000
13.200 0.0000
13.220 0.0000
13.240 0.0000
13.260 -0.0000
13.280 -0.0000
13.300 -0.0000
13.320 -0.0000
13.340 -0.0000
13.360 -0.0000
13.380 -0.0000
13.400 -0.0000
13.420 -0.0000
13.440 -0.0000
13.460 -0.0000
13.480 -0.0000
13.500 -0.0000
13.520 0.0000
13.540 0.0000
13.560 0.0000
13.580 0.0000
13.600 0.0000
13.620 0.0000
13.640 0.0000
13.660 0.0000
13.680 0.0000
13.700 0.0000
13.720 0.0000
13.740 0.0000
13.760 -0.0000
13.780 -0.0000
13.800 -0.0000
13.820 -0.0000
13.840 -0.0000
13.860 -0.0000
13.880 -0.0000
13.900 -0.0000
13.920 -0.0000
13.940 -0.0000
13.960 -0.0000
13.980 -0.0000
14.000 -0.0000
14.020 0.0000
14.040 0.0000
14.060 0.0000
14.080 0.0000
14.100 0.0000
14.120 0.0000
14.140 0.0000
14.160 0.0000
14.180 0.0000
14.200 0.0000
14.220 0.0000
14.240 0.0000
14.260 -0.0000
14.280 -0.0000
14.300 -0.0000
14.320 -0.0000
14.340 -0.0000
14.360 -0.0000
14.380 -0.0000
14.400 -0.0000
14.420 -0.0000
14.440 -0.0000
14.460 -0.0000
14.480 -0.0000
14.500 0.0000
14.520 0.0000
14.540 0.0000
14.560 0.0000
14.580 0.0000
14.600 0.0000
14.620 0.0000
14.640 0.0000
14.660 0.0000
14.680 0.0000
14.700 0.0000
14.720 0.0000
14.740 0.0000
14.760 -0.0000
14.780 -0.0000
14.800 -0.0000
14.820 -0.0000
14.840 -0.0000
14.860 -0.0000
14.880 -0.0000
14.900 -0.0000
14.920 -0.0000
14.940 -0.0000
14.960 -0.0000
14.980 -0.0000
15.000 -0.0000
15.020 0.0000
15.040 0.0000
15.060 0.0000
15.080 0.0000
15.100 0.0000
15.120 0.0000
15.140 0.0000
15.160 0.0000
15.180 0.0000
15.200 0.0000
15.220 0.0000
15.240 0.0000
15.260 -0.0000
15.280 -0.0000
15.300 -0.0000
15.320 -0.0000
15.340 -0.0000
15.360 -0.0000
15.380 -0.0000
15.400 -0.0000
15.420 -0.0000
15.440 -0.0000
15.460 -0.0000
15.480 -0.0000
15.500 -0.0000
15.520 0.0000
15.540 0.0000
15.560 0.0000
15.580 0.0000
15.600 0.0000
15.620 0.0000
15.640 0.0000
15.660 0.0000
15.680 0.0000
15.700 0.0000
15.720 0.0000
15.740 0.0000
15.760 -0.0000
15.780 -0.0000
15.800 -0.0000
15.820 -0.0000
15.840 -0.0000
15.860 -0.0000
15.880 -0.0000
15.900 -0.0000
15.920 -0.0000
15.940 -0.0000
15.960 -0.0000
15.980 -0.0000
16.000 -0.0000
16.020 0.0000
16.040 0.0000
16.060 0.0000
16.080 0.0000
16.100 0.0000
16.120 0.0000
16.140 0.0000
16.160 0.0000
16.180 0.0000
16.200 0.0000
16.220 0.0000
16.240 0.0000
16.260 -0.0000
16.280 -0.0000
16.300 -0.0000
16.320 -0.0000
16.340 -0.0000
16.360 -0.0000
16.380 -0.0000
16.400 -0.0000
16.420 -0.0000
16.440 -0.0000
16.460 -0.0000
16.480 -0.0000
16.500 -0.0000
16.520 0.0000
16.540 0.0000
16.560 0.0000
16.580 0.0000
16.600 0.0000
16.620 0.0000
16.640 0.0000
16.660 0.0000
16.680 0.0000
16.700 0.0000
16.720 0.0000
16.740 0.0000
16.760 -0.0000
16.780 -0.0000
16.800 -0.0000
16.820 -0.0000
16.840 -0.0000
16.860 -0.0000
16.880 -0.0000
16.900 -0.0000
16.920 -0.0000
16.940 -0.0000
16.960 -0.0000
16.980 -0.0000
17.000 0.0000
17.020 0.0000
17.040 0.0000
17.060 0.0000
17.080 0.0000
17.100 0.0000
17.120 0.0000
17.140 0.0000
17.160 0.0000
17.180 0.0000
17.200 0.0000
17.220 0.0000
17.240 0.0000
17.260 -0.0000
17.280 -0.0000
17.300 -0.0000
17.320 -0.0000
17.340 -0.0000
17.360 -0.0000
17.380 -0.0000
17.400 -0.0000
17.420 -0.0000
17.440 -0.0000
17.460 -0.0000
17.480 -0.0000
17.500 -0.0000
17.520 0.0000
17.540 0.0000
17.560 0.0000
17.580 0.0000
17.600 0.0000
17.620 0.0000
17.640 0.0000
17.660 0.0000
17.680 0.0000
17.700 0.0000
17.720 0.0000
17.740 0.0000
17.760 -0.0000
17.780 -0.0000
17.800 -0.0000
17.820 -0.0000
17.840 -0.0000
17.860 -0.0000
17.880 -0.0000
17.900 -0.0000
17.920 -0.0000
17.940 -0.0000
17.960 -0.0000
17.980 -0.0000
18.000 -0.0000
18.020 0.0000
18.040 0.0000
18.060 0.0000
18.080 0.0000
18.100 0.0000
18.120 0.0000
18.140 0.0000
18.160 0.0000
18.180 0.0000
18.200 0.0000
18.220 0.0000
18.240 0.0000
18.260 -0.0000
18.280 -0.0000
18.300 -0.0000
18.320 -0.0000
18.340 -0.0000
18.360 -0.0000
18.380 -0.0000
18.400 -0.0000
18.420 -0.0000
18.440 -0.0000
18.460 -0.0000
18.480 -0.0000
18.500 -0.0000
18.520 0.0000
18.540 0.0000
18.560 0.0000
18.580 0.0000
18.600 0.0000
18.620 0.0000
18.640 0.0000
18.660 0.0000
18.680 0.0000
18.700 0.0000
18.720 0.0000
18.740 0.0000
18.760 -0.0000
18.780 -0.0000
18.800 -0.0000
18.820 -0.0000
18.840 -0.0000
18.860 -0.0000
18.880 -0.0000
18.900 -0.0000
18.920 -0.0000
18.940 -0.0000
18.960 -0.0000
18.980 -0.0000
19.000 -0.0000
19.020 0.0000
19.040 0.0000
19.060 0.0000
19.080 0.0000
19.100 0.0000
19.120 0.0000
19.140 0.0000
19.160 0.0000
19.180 0.0000
19.200 0.0000
19.220 0.0000
19.240 0.0000
19.260 -0.0000
19.280 -0.0000
19.300 -0.0000
19.320 -0.0000
19.340 -0.0000
19.360 -0.0000
19.380 -0.0000
19.400 -0.0000
19.420 -0.0000
19.440 -0.0000
19.460 -0.0000
19.480 -0.0000
19.500 -0.0000
19.520 0.0000
19.540 0.0000
19.560 0.0000
19.580 0.0000
19.600 0.0000
19.620 0.0000
19.640 0.0000
19.660 0.0000
19.680 0.0000
19.700 0.0000
19.720 0.0000
19.740 0.0000
19.760 -0.0000
19.780 -0.0000
19.800 -0.0000
19.820 -0.0000
19.840 -0.0000
19.860 -0.0000
19.880 -0.0000
19.900 -0.0000
19.920 -0.0000
19.940 -0.0000
19.960 -0.0000
19.980 -0.0000
20.000 -0.0000
20.020 0.0000
20.040 0.0000
20.060 0.0000
20.080 0.0000
20.100 0.0000
20.120 0.0000
20.140 0.0000
20.160 0.0000
20.180 0.0000
20.200 0.0000
20.220 0.0000
20.240 0.0000
20.260 -0.0000
20.280 -0.0000
20.300 -0.0000
20.320 -0.0000
20.340 -0.0000
20.360 -0.0000
20.380 -0.0000
20.400 -0.0000
20.420 -0.0000
20.440 -0.0000
20.460 -0.0000
20.480 -0.0000
20.500 -0.0000
20.520 0.0000
20.540 0.0000
20.560 0.0000
20.580 0.0000
20.600 0.0000
20.620 0.0000
20.640 0.0000
20.660 0.0000
20.680 0.0000
20.700 0.0000
20.720 0.0000
20.740 0.0000
20.760 -0.0000
20.780 -0.0000
20.800 -0.0000
20.820 -0.0000
20.840 -0.0000
20.860 -0.0000
20.880 -0.0000
20.900 -0.0000
20.920 -0.0000
20.940 -0.0000
20.960 -0.0000
20.980 -0.0000
21.000 0.0000
21.020 0.0000
21.040 0.0000
21.060 0.0000
21.080 0.0000
21.100 0.0000
21.120 0.0000
21.140 0.0000
21.160 0.0000
21.180 0.0000
21.200 0.0000
21.220 0.0000
21.240 0.0000
21.260 -0.0000
21.280 -0.0000
21.300 -0.0000
21.320 -0.0000
21.340 -0.0000
21.360 -0.0000
21.380 -0.0000
21.400 -0.0000
21.420 -0.0000
21.440 -0.0000
21.460 -0.0000
21.480 -0.0000
21.500 -0.0000
21.520 0.0000
21.540 0.0000
21.560 0.0000
21.580 0.0000
21.600 0.0000
21.620 0.0000
21.640 0.0000
21.660 0.0000
21.680 0.0000
21.700 0.0000
21.720 0.0000
21.740 0.0000
21.760 -0.0000
21.780 -0.0000
21.800 -0.0000
21.820 -0.0000
21.840 -0.0000
21.860 -0.0000
21.880 -0.0000
21.900 -0.0000
21.920 -0.0000
21.940 -0.0000
21.960 -0.0000
21.980 -0.0000
22.000 -0.0000
22.020 0.0000
22.040 0.0000
22.060 0.0000
22.080 0.0000
22.100 0.0000
22.120 0.0000
22.140 0.0000
22.160 0.0000
22.180 0.0000
22.200 0.0000
22.220 0.0000
22.240 0.0000
22.260 -0.0000
22.280 -0.0000
22.300 -0.0000
22.320 -0.0000
22.340 -0.0000
22.360 -0.0000
22.380 -0.0000
22.400 -0.0000
22.420 -0.0000
22.440 -0.0000
22.460 -0.0000
22.480 -0.0000
22.500 -0.0000
22.520 0.0000
22.540 0.0000
22.560 0.0000
22.580 0.0000
22.600 0.0000
22.620 0.0000
22.640 0.0000
22.660 0.0000
22.680 0.0000
22.700 0.0000
22.720 0.0000
22.740 0.0000
22.760 -0.0000
22.780 -0.0000
22.800 -0.0000
22.820 -0.0000
22.840 -0.0000
22.860 -0.0000
22.880 -0.0000
22.900 -0.0000
22.920 -0.0000
22.940 -0.0000
22.960 -0.0000
22.980 -0.0000
23.000 -0.0000
23.020 0.0000
23.040 0.0000
23.060 0.0000
23.080 0.0000
23.100 0.0000
23.120 0.0000
23.140 0.0000
23.160 0.0000
23.180 0.0000
23.200 0.0000
23.220 0.0000
23.240 0.0000
23.260 -0.0000
23.280 -0.0000
23.300 -0.0000
23.320 -0.0000
23.340 -0.0000
23.360 -0.0000
23.380 -0.0000
23.400 -0.0000
23.420 -0.0000
23.440 -0.0000
23.460 -0.0000
23.480 -0.0000
23.500 0.0000
23.520 0.0000
23.540 0.0000
23.560 0.0000
23.580 0.0000
23.600 0.0000
23.620 0.0000
23.640 0.0000
23.660 0.0000
23.680 0.0000
23.700 0.0000
23.720 0.0000
23.740 0.0000
23.760 -0.0000
23.780 -0.0000
23.800 -0.0000
23.820 -0.0000
23.840 -0.0000
23.860 -0.0000
23.880 -0.0000
23.900 -0.0000
23.920 -0.0000
23.940 -0.0000
23.960 -0.0000
23.980 -0.0000
24.000 -0.0000
24.020 0.0000
24.040 0.0000
24.060 0.0000
24.080 0.0000
24.100 0.0000
24.120 0.0000
24.140 0.0000
24.160 0.0000
24.180 0.0000
24.200 0.0000
24.220 0.0000
24.240 0.0000
24.260 -0.0000
24.280 -0.0000
24.300 -0.0000
24.320 -0.0000
24.340 -0.0000
24.360 -0.0000
24.380 -0.0000
24.400 -0.0000
24.420 -0.0000
24.440 -0.0000
24.460 -0.0000
24.480 -0.0000
24.500 -0.0000
24.520 0.0000
24.540 0.0000
24.560 0.0000
24.580 0.0000
24.600 0.0000
24.620 0.0000
24.640 0.0000
24.660 0.0000
24.680 0.0000
24.700 0.0000
24.720 0.0000
24.740 0.0000
24.760 -0.0000
24.780 -0.0000
24.800 -0.0000
24.820 -0.0000
24.840 -0.0000
24.860 -0.0000
24.880 -0.0000
24.900 -0.0000
24.920 -0.0000
24.940 -0.0000
24.960 -0.0000
24.980 -0.0000
25.000 0.0000
25.020 0.0000
25.040 0.0000
25.060 0.0000
25.080 0.0000
25.100 0.0000
25.120 0.0000
25.140 0.0000
25.160 0.0000
25.180 0.0000
25.200 0.0000
25.220 0.0000
25.240 0.0000
25.260 -0.0000
25.280 -0.0000
25.300 -0.0000
25.320 -0.0000
25.340 -0.0000
25.360 -0.0000
25.380 -0.0000
25.400 -0.0000
25.420 -0.0000
25.440 -0.0000
25.460 -0.0000
25.480 -0.0000
25.500 -0.0000
25.520 0.0000
25.540 0.0000
25.560 0.0000
25.580 0.0000
25.600 0.0000
25.620 0.0000
25.640 0.0000
25.660 0.0000
25.680 0.0000
25.700 0.0000
25.720 0.0000
25.740 0.0000
25.760 -0.0000
25.780 -0.0000
25.800 -0.0000
25.820 -0.0000
25.840 -0.0000
25.860 -0.0000
25.880 -0.0000
25.900 -0.0000
25.920 -0.0000
25.940 -0.0000
25.960 -0.0000
25.980 -0.0000
26.000 0.0000
26.020 0.0000
26.040 0.0000
26.060 0.0000
26.080 0.0000
26.100 0.0000
26.120 0.0000
26.140 0.0000
26.160 0.0000
26.180 0.0000
26.200 0.0000
26.220 0.0000
26.240 0.0000
26.260 -0.0000
26.280 -0.0000
26.300 -0.0000
26.320 -0.0000
26.340 -0.0000
26.360 -0.0000
26.380 -0.0000
26.400 -0.0000
26.420 -0.0000
26.440 -0.0000
26.460 -0.0000
26.480 -0.0000
26.500 -0.0000
26.520 0.0000
26.540 0.0000
26.560 0.0000
26.580 0.0000
26.600 0.0000
26.620 0.0000
26.640 0.0000
26.660 0.0000
26.680 0.0000
26.700 0.0000
26.720 0.0000
26.740 0.0000
26.760 -0.0000
26.780 -0.0000
26.800 -0.0000
26.820 -0.0000
26.840 -0.0000
26.860 -0.0000
26.880 -0.0000
26.900 -0.0000
26.920 -0.0000
26.940 -0.0000
26.960 -0.0000
26.980 -0.0000
27.000 -0.0000
27.020 0.0000
27.040 0.0000
27.060 0.0000
27.080 0.0000
27.100 0.0000
27.120 0.0000
27.140 0.0000
27.160 0.0000
27.180 0.0000
27.200 0.0000
27.220 0.0000
27.240 0.0000
27.260 -0.0000
27.280 -0.0000
27.300 -0.0000
27.320 -0.0000
27.340 -0.0000
27.360 -0.0000
27.380 -0.0000
27.400 -0.0000
27.420 -0.0000
27.440 -0.0000
27.460 -0.0000
27.480 -0.0000
27.500 0.0000
27.520 0.0000
27.540 0.0000
27.560 0.0000
27.580 0.0000
27.600 0.0000
27.620 0.0000
27.640 0.0000
27.660 0.0000
27.680 0.0000
27.700 0.0000
27.720 0.0000
27.740 0.0000
27.760 -0.0000
27.780 -0.0000
27.800 -0.0000
27.820 -0.0000
27.840 -0.0000
27.860 -0.0000
27.880 -0.0000
27.900 -0.0000
27.920 -0.0000
27.940 -0.0000
27.960 -0.0000
27.980 -0.0000
28.000 -0.0000
28.020 0.0000
28.040 0.0000
28.060 0.0000
28.080 0.0000
28.100 0.0000
28.120 0.0000
28.140 0.0000
28.160 0.0000
28.180 0.0000
28.200 0.0000
28.220 0.0000
28.240 0.0000
28.260 -0.0000
28.280 -0.0000
28.300 -0.0000
28.320 -0.0000
28.340 -0.0000
28.360 -0.0000
28.380 -0.0000
28.400 -0.0000
28.420 -0.0000
28.440 -0.0000
28.460 -0.0000
28.480 -0.0000
28.500 -0.0000
28.520 0.0000
28.540 0.0000
28.560 0.0000
28.580 0.0000
28.600 0.0000
28.620 0.0000
28.640 0.0000
28.660 0.0000
28.680 0.0000
28.700 0.0000
28.720 0.0000
28.740 0.0000
28.760 -0.0000
28.780 -0.0000
28.800 -0.0000
28.820 -0.0000
28.840 -0.0000
28.860 -0.0000
28.880 -0.0000
28.900 -0.0000
28.920 -0.0000
28.940 -0.0000
28.960 -0.0000
28.980 -0.0000
29.000 0.0000
29.020 0.0000
29.040 0.0000
29.060 0.0000
29.080 0.0000
29.100 0.0000
29.120 0.0000
29.140 0.0000
29.160 0.0000
29.180 0.0000
29.200 0.0000
29.220 0.0000
29.240 0.0000
29.260 -0.0000
29.280 -0.0000
29.300 -0.0000
29.320 -0.0000
29.340 -0.0000
29.360 -0.0000
29.380 -0.0000
29.400 -0.0000
29.420 -0.0000
29.440 -0.0000
29.460 -0.0000
29.480 -0.0000
29.500 -0.0000
29.520 0.0000
29.540 0.0000
29.560 0.0000
29.580 0.0000
29.600 0.0000
29.620 0.0000
29.640 0.0000
29.660 0.0000
29.680 0.0000
29.700 0.0000
29.720 0.0000
29.740 0.0000
29.760 -0.0000
29.780 -0.0000
29.800 -0.0000
29.820 -0.0000
29.840 -0.0000
29.860 -0.0000
29.880 -0.0000
29.900 -0.0000
29.920 -0.0000
29.940 -0.0000
29.960 -0.0000
29.980 -0.0000
